"Pop" "Latitude" "Longitude" "Origin" "year" "countryCode" "alt" "bio1" "bio10" "bio11" "bio12" "bio13" "bio14" "bio15" "bio16" "bio17" "bio18" "bio19" "bio2" "bio3" "bio4" "bio5" "bio6" "bio7" "bio8" "bio9"
"1020763351" "1020763351" 34.21139 -117.07667 "inv" 1994 "US" 61 121 211 31 519 60 35 17 160 112 120 135 72 26 7087 260 -11 271 91 62
"1020816088" "1020816088" 41.7339669 -122.6578404 "inv" 1999 "US" 24 100 161 41 1035 153 30 51 449 110 110 406 86 39 4700 224 7 217 48 161
"1020831584" "1020831584" 34.21139 -117.07667 "inv" 1994 "US" 1918 4 100 -90 391 44 22 20 117 77 109 107 106 32 7466 186 -140 326 -83 -43
"1020861541" "1020861541" 40.56688549 -122.6107213 "inv" 1972 "US" 1918 4 100 -90 391 44 22 20 117 77 109 107 106 32 7466 186 -140 326 -83 -43
"1020861615" "1020861615" 41.94897027 -121.9325265 "inv" 1967 "US" 995 50 152 -54 358 39 17 25 112 58 112 95 109 31 7998 235 -110 345 152 6
"1021134661" "1021134661" 40.88676798 -123.9946583 "inv" 1999 "US" 1288 37 137 -60 577 67 38 19 181 117 147 166 104 31 7760 226 -106 332 -53 -10
"1021149568" "1021149568" 34.21167 -117.07667 "inv" 1999 "US" 935 57 160 -45 561 67 34 21 180 114 136 166 115 33 8008 255 -93 348 -38 154
"1021160047" "1021160047" 38.77343848 -120.1835393 "inv" 1998 "US" 599 73 178 -33 501 59 31 21 158 101 123 145 124 34 8165 277 -82 359 -25 130
"1021364997" "1021364997" 38.35914671 -120.1981343 "inv" 2002 "US" 1308 39 141 -61 455 52 28 22 139 94 118 127 116 33 7893 236 -112 348 -54 -6
"1021517622" "1021517622" 40.07850263 -121.5847901 "inv" 2000 "US" 599 73 178 -33 501 59 31 21 158 101 123 145 124 34 8165 277 -82 359 -25 130
"1021662257" "1021662257" 39.31202515 -120.5475551 "inv" 1998 "US" 935 57 160 -45 561 67 34 21 180 114 136 166 115 33 8008 255 -93 348 -38 154
"1021720776" "1021720776" 37.13717 -118.05363 "inv" 1988 "US" 599 73 178 -33 501 59 31 21 158 101 123 145 124 34 8165 277 -82 359 -25 130
"1021730545" "1021730545" 39.1324317 -120.1585435 "inv" 1999 "US" 995 50 152 -54 358 39 17 25 112 58 112 95 109 31 7998 235 -110 345 152 6
"1021741158" "1021741158" 39.95601005 -120.9560736 "inv" 2000 "US" 935 57 160 -45 561 67 34 21 180 114 136 166 115 33 8008 255 -93 348 -38 154
"1021763504" "1021763504" 38.54064888 -119.4565192 "inv" 2000 "US" 1918 4 100 -90 391 44 22 20 117 77 109 107 106 32 7466 186 -140 326 -83 -43
"1021824372" "1021824372" 34.21167 -117.07667 "inv" 1994 "US" 1 159 255 65 445 54 17 29 153 67 69 128 112 34 7388 336 10 326 121 250
"1021824609" "1021824609" 34.21167 -117.07667 "inv" 1999 "US" 492 131 224 39 490 58 24 25 159 81 92 140 100 32 7227 297 -8 305 55 220
"1021867975" "1021867975" 40.07850263 -121.5846901 "inv" 1997 "US" 106 142 231 58 579 88 13 44 234 66 66 218 95 32 6800 302 13 289 74 231
"1021947032" "1021947032" 34.21167 -117.07667 "inv" 1999 "US" 176 106 200 3 573 69 33 23 182 107 178 121 91 29 7700 267 -40 307 185 20
"1021948581" "1021948581" 34.2115 -117.07683 "inv" 1994 "US" 5 119 213 23 424 45 28 13 118 89 110 100 70 25 7457 260 -20 280 85 28
"1021986510" "1021986510" 34.21167 -117.07667 "inv" 1999 "US" 2 121 213 26 448 49 30 14 129 95 113 108 71 25 7361 261 -17 278 88 30
"1022124251" "1022124251" 34.2 -117.06667 "inv" 1999 "US" 18 116 213 16 418 46 27 15 123 85 116 94 75 25 7690 265 -27 292 193 23
"1022146473" "1022146473" 36.06859029 -121.2977315 "inv" 1999 "US" 7 111 213 6 387 47 22 22 125 78 122 88 70 23 8129 263 -34 297 195 12
"1022182581" "1022182581" 37.47389 -119.75944 "inv" 2008 "US" 81 107 211 -7 483 68 27 29 171 88 163 95 95 28 8514 278 -54 332 195 6
"1022393412" "1022393412" 38.31154707 -120.2766356 "inv" 2001 "US" 134 44 205 -129 342 39 19 20 106 62 106 72 116 24 13191 291 -189 480 205 -117
"1022439776" "1022439776" 38.7770377 -120.2712415 "inv" 2000 "US" 13 71 235 -102 216 24 13 17 68 44 56 54 112 23 13277 320 -162 482 -4 -92
"1022454156" "1022454156" 38.51734129 -120.4728428 "inv" 2000 "US" 41 174 285 61 200 30 3 54 79 12 12 74 119 33 8804 356 1 355 71 285
"1022527660" "1022527660" 37.78965918 -120.1400258 "inv" 2002 "US" 141 9 158 -142 662 80 29 29 221 98 221 126 86 19 11565 233 -199 432 158 -61
"1022527694" "1022527694" 40.49257367 -124.0938545 "inv" 2002 "US" 12 71 235 -102 217 24 13 17 68 44 57 54 112 23 13289 320 -162 482 -4 -93
"1022527929" "1022527929" 37.78965918 -120.1400258 "inv" 2002 "US" 224 100 219 -21 508 77 23 40 202 74 196 76 101 28 9354 290 -68 358 200 -11
"1022554094" "1022554094" 38.68994112 -120.0598354 "inv" 2001 "US" 525 88 200 -25 567 88 20 46 238 72 221 73 102 29 8829 269 -75 344 181 -17
"1022589258" "1022589258" 37.47389 -119.74278 "inv" 2008 "US" 253 130 221 39 612 77 25 30 217 88 100 194 105 34 7167 301 -5 306 56 217
"1030499212" "1030499212" 43.6 -83.71667 "inv" 1979 "US" 6 144 225 65 726 120 23 48 308 83 83 235 75 30 6308 279 33 246 88 225
"1038569168" "1038569168" 49.83898 8.56779 "nat" 2008 "DE" 1764 62 157 -44 462 62 8 47 174 30 53 139 133 36 7827 264 -104 368 56 156
"1038571715" "1038571715" 43.91919 28.62956 "nat" 2014 "RO" 2066 78 187 -27 647 97 6 57 251 24 24 201 100 29 8450 267 -76 343 7 187
"1038960818" "1038960818" 41.9945 -72.6788 "inv" 1925 "US" 2031 59 169 -57 539 81 15 43 208 55 55 123 115 30 8850 262 -116 378 44 169
"1041319188" "1041319188" 40.648 -105.18806 "inv" 1983 "US" 263 79 203 -49 527 63 29 21 166 110 158 134 82 23 9920 262 -92 354 186 8
"1041319204" "1041319204" 39.74706 -105.18559 "inv" 1983 "US" 218 81 205 -46 523 62 29 20 163 109 156 133 81 22 9903 264 -89 353 188 11
"1041319651" "1041319651" 39.5478 -105.09638 "inv" 2000 "US" 96 81 193 -38 621 84 35 27 221 119 221 133 81 24 9054 251 -79 330 193 -28
"1041319658" "1041319658" 39.5478 -105.09638 "inv" 2000 "US" 114 80 194 -36 553 75 31 29 200 111 197 123 82 24 9065 255 -78 333 180 82
"1041320145" "1041320145" 39.46236 -104.92622 "inv" 2012 "US" 87 90 214 -39 522 61 30 21 161 107 158 137 83 23 9942 275 -81 356 198 19
"1041320850" "1041320850" 39.31706 -104.63886 "inv" 2012 "US" 52 110 214 10 419 43 27 15 118 88 118 106 93 29 8001 283 -34 317 214 47
"1041321068" "1041321068" 39.4659 -104.91648 "inv" 2012 "US" 159 82 199 -35 526 69 29 27 186 105 180 122 80 23 9158 259 -76 335 181 85
"1041346521" "1041346521" 39.49345 -105.09272 "inv" 1999 "US" 0 101 217 -13 428 51 25 21 138 85 133 96 89 26 9017 284 -57 341 197 -8
"1041352458" "1041352458" 39.5478 -105.09638 "inv" 1981 "US" 342 103 196 14 294 50 5 60 143 26 28 128 135 39 7155 303 -38 341 18 193
"1041353383" "1041353383" 39.5478 -105.09638 "inv" 1981 "US" 208 115 215 19 265 37 7 40 105 31 34 93 130 37 7612 316 -30 346 24 209
"1041354053" "1041354053" 39.5478 -105.09638 "inv" 1981 "US" 682 88 183 -3 620 73 24 30 216 87 100 202 129 37 7241 291 -51 342 3 179
"1041356225" "1041356225" 39.36876 -104.86373 "inv" 1976 "US" 1313 109 217 8 139 18 7 25 48 26 32 32 180 43 8153 342 -74 416 144 211
"1041356244" "1041356244" 39.25406 -104.88854 "inv" 1973 "US" 470 96 201 -10 218 31 7 39 86 25 31 77 130 35 8233 304 -62 366 -5 196
"1041357140" "1041357140" 39.82732 -104.84098 "inv" 1986 "US" 2357 49 147 -41 464 62 15 41 172 55 170 55 172 44 7354 254 -130 384 124 -41
"1041359104" "1041359104" 39.71404 -104.80303 "inv" 1991 "US" 1679 98 209 -4 410 69 13 50 175 42 150 42 155 39 8346 308 -89 397 183 -4
"1041359484" "1041359484" 40.35681 -105.59448 "inv" 1991 "US" 432 109 206 18 449 58 12 39 171 50 57 154 128 37 7316 311 -32 343 23 201
"1041359776" "1041359776" 39.76994 -105.35325 "inv" 1995 "US" 362 102 195 12 300 51 6 58 145 27 29 131 136 40 7127 301 -39 340 17 191
"1041365556" "1041365556" 40.98352 -105.40019 "inv" 2000 "US" 1422 69 196 -55 348 65 9 60 165 31 131 31 155 35 9670 307 -134 441 166 -55
"1041369992" "1041369992" 39.75659 -104.85655 "inv" 2008 "US" 1892 54 174 -58 332 56 14 46 143 43 96 43 153 36 9014 283 -139 422 93 -58
"1041371584" "1041371584" 39.54385 -105.27328 "inv" 2004 "US" 1493 93 207 -17 354 62 8 56 157 27 128 27 162 39 8698 309 -106 415 183 -17
"1041371994" "1041371994" 39.47672 -104.92311 "inv" 1961 "US" 1517 91 205 -17 357 63 8 57 159 27 130 27 161 39 8632 307 -105 412 181 -17
"1041374251" "1041374251" 39.93158 -104.87229 "inv" 1976 "US" 860 103 231 -22 507 88 11 65 254 33 220 33 163 36 9750 329 -112 441 204 -22
"1041374873" "1041374873" 39.405 -104.9972 "inv" 1943 "US" 1321 83 185 -10 251 29 9 26 78 40 50 65 171 43 7581 313 -83 396 115 178
"1041738302" "1041738302" 59.19856 10.87356 "nat" 1905 "NO" 1591 44 156 -60 514 88 18 50 220 69 182 69 143 36 8440 257 -136 393 128 -60
"1041738328" "1041738328" 58.1286 8.05735 "nat" 1905 "NO" 241 162 253 78 1024 195 5 80 514 29 29 512 147 42 6979 364 19 345 83 253
"1042743326" "1042743326" 38.80778 -119.77778 "inv" 2008 "US" 1258 70 170 -27 285 34 11 32 99 39 46 97 160 41 7662 290 -92 382 -21 165
"1045038462" "1045038462" 49.9775 6.96028 "nat" 1997 "DE" 1558 86 203 -25 359 62 6 67 178 22 156 22 171 39 8842 313 -115 428 176 -25
"1046606659" "1046606659" 37.13717 -118.05363 "inv" 1988 "US" 339 104 214 -6 187 30 5 45 79 22 26 70 129 34 8516 312 -61 373 0 207
"125533543" "125533543" 39.27083 -103.70972 "inv" 2000 "US" 1720 45 148 -51 457 78 15 52 203 57 171 57 145 39 7778 249 -122 371 122 -51
"126128833" "126128833" 48.60556 -120.20111 "inv" 2004 "US" 188 119 217 25 226 34 5 45 94 24 28 85 131 38 7458 318 -23 341 30 211
"126128843" "126128843" 47.09847 -120.6983 "inv" 2006 "US" 1530 93 212 -20 390 70 7 69 195 24 182 24 170 39 8992 316 -111 427 185 -20
"126128853" "126128853" 47.44978 -120.58787 "inv" 2006 "US" 1591 127 233 25 245 46 7 54 113 27 90 47 184 44 8144 339 -70 409 227 164
"164347419" "164347419" 47.59833 -122.335 "inv" 2007 "US" 1056 58 156 -36 867 120 29 36 328 116 128 312 147 39 7466 276 -93 369 -28 151
"164347423" "164347423" 48.47667 -123.03167 "inv" 2007 "US" 1390 97 217 -18 345 62 7 61 162 25 136 25 170 38 9095 324 -112 436 191 -18
"164347440" "164347440" 48.06667 -123.06167 "inv" 2005 "US" 34 153 244 64 487 64 16 35 183 66 78 158 97 32 7046 313 19 294 80 240
"164347447" "164347447" 47.54833 -120.25333 "inv" 2005 "US" 4 71 161 -12 746 90 38 27 252 128 211 148 53 21 6791 201 -43 244 123 12
"164347451" "164347451" 45.71167 -121.655 "inv" 2005 "US" 4 71 161 -12 746 90 38 27 252 128 211 148 53 21 6791 201 -43 244 123 12
"164347460" "164347460" 47.70333 -122.09167 "inv" 2000 "US" 26 74 147 7 1273 161 58 31 452 194 271 296 46 22 5583 181 -21 202 87 91
"164347462" "164347462" 46.23833 -119.05833 "inv" 2005 "US" 21 74 147 7 1271 161 58 32 451 194 271 296 46 22 5574 181 -21 202 87 91
"164347463" "164347463" 46.25667 -118.84667 "inv" 2005 "US" 11 74 147 6 1267 160 58 31 449 196 274 291 47 22 5626 183 -22 205 88 92
"164347464" "164347464" 47.77167 -120.97167 "inv" 2005 "US" 11 74 147 6 1267 160 58 31 449 196 274 291 47 22 5626 183 -22 205 88 92
"174504460" "174504460" 36.87892 -104.39634 "inv" 1991 "US" 1152 58 151 -37 433 47 20 23 131 75 93 119 152 41 7302 272 -97 369 -29 148
"176910247" "176910247" 38.31639 -103.34917 "inv" 2000 "US" 1915 16 108 -73 672 86 24 32 243 94 114 230 144 40 7089 222 -136 358 -63 106
"176910249" "176910249" 39.28789 -102.98763 "inv" 1972 "US" 591 100 189 19 337 41 9 34 116 39 49 104 138 41 6678 296 -37 333 23 186
"176910251" "176910251" 39.27083 -103.70972 "inv" 2000 "US" 564 93 184 7 302 45 7 48 132 31 35 119 126 38 6924 283 -43 326 12 182
"176910253" "176910253" 40.06444 -106.20583 "inv" 2004 "US" 591 100 189 19 337 41 9 34 116 39 49 104 138 41 6678 296 -37 333 23 186
"176910255" "176910255" 45.306 -85.095 "inv" 1995 "US" 1915 16 108 -73 672 86 24 32 243 94 114 230 144 40 7089 222 -136 358 -63 106
"176910258" "176910258" 48.5905 -120.35481 "inv" 1978 "US" 1152 58 151 -37 433 47 20 23 131 75 93 119 152 41 7302 272 -97 369 -29 148
"176910259" "176910259" 48.5905 -120.35481 "inv" 1978 "US" 726 103 194 22 296 36 11 31 96 41 55 87 167 45 6746 321 -45 366 25 188
"185840775" "185840775" 40.1886 -105.1803 "inv" NA "US" 80 113 182 51 1112 196 12 68 550 66 71 507 116 44 5155 273 10 263 55 180
"185840776" "185840776" 39.422 -104.9571 "inv" NA "US" 142 110 199 24 525 103 5 76 282 30 30 263 125 39 6888 295 -25 320 29 199
"185840778" "185840778" 39.5001 -105.0537 "inv" NA "US" 1117 73 138 20 1346 236 10 71 674 61 75 616 123 48 4761 231 -25 256 24 136
"185840779" "185840779" 39.6467 -105.1551 "inv" NA "US" 994 82 165 7 235 33 10 38 93 33 45 84 162 47 6210 288 -55 343 11 162
"185840781" "185840781" 40.2669 -105.539 "inv" NA "US" 1448 58 157 -40 326 41 13 31 116 47 57 107 162 41 7615 279 -109 388 -32 152
"185841559" "185841559" 39.6468 -104.8314 "inv" NA "US" 1448 58 157 -40 326 41 13 31 116 47 57 107 162 41 7615 279 -109 388 -32 152
"185841619" "185841619" 40.1829 -105.3288 "inv" NA "US" 842 94 190 5 498 61 15 34 174 61 75 162 138 38 7251 305 -49 354 12 186
"185841620" "185841620" 39.9906 -105.4333 "inv" NA "US" 81 118 212 28 367 77 4 78 203 22 22 187 125 37 7233 308 -24 332 32 212
"185841621" "185841621" 40.9955 -103.9435 "inv" NA "US" 872 83 171 2 359 47 12 36 134 45 53 119 130 39 6668 277 -49 326 6 170
"185841718" "185841718" 40.0129 -105.2967 "inv" NA "US" 555 95 182 12 509 82 9 56 234 46 47 216 143 42 6657 293 -40 333 17 180
"185841761" "185841761" 40.23667 -105.31972 "inv" NA "US" 555 95 182 12 509 82 9 56 234 46 47 216 143 42 6657 293 -40 333 17 180
"185841852" "185841852" 40.42973 -105.34095 "inv" NA "US" 696 89 180 3 320 46 9 46 136 36 39 121 125 38 6933 280 -46 326 8 179
"199563807" "199563807" 49.64 6.14 "nat" 1948 "LU" 564 93 184 7 302 45 7 48 132 31 35 119 126 38 6924 283 -43 326 12 182
"199563808" "199563808" 49.64 6.14 "nat" 1949 "LU" 81 118 212 28 367 77 4 78 203 22 22 187 125 37 7233 308 -24 332 32 212
"20713168" "20713168" 59.18695 10.95151 "nat" 1905 "NO" 24 120 211 32 464 93 4 77 252 26 26 235 123 38 7037 304 -18 322 37 211
"20713174" "20713174" 59.18695 10.95151 "nat" 1905 "NO" 559 90 177 6 470 78 8 57 219 41 42 205 140 42 6704 288 -45 333 10 175
"20713176" "20713176" 58.15342 7.97459 "nat" 1893 "NO" 887 72 167 -18 769 105 25 39 303 96 111 285 127 37 7219 275 -66 341 -12 162
"20713178" "20713178" 58.14798 7.96796 "nat" 1893 "NO" 1772 100 218 -16 306 34 14 21 96 62 76 66 151 36 9042 321 -95 416 168 143
"20713180" "20713180" 58.24846 7.95311 "nat" 1897 "NO" 1381 101 197 12 223 36 8 47 93 27 28 93 176 45 7231 320 -66 386 12 192
"20713184" "20713184" 58.24846 7.95311 "nat" 1897 "NO" 1381 101 197 12 223 36 8 47 93 27 28 93 176 45 7231 320 -66 386 12 192
"209943324" "209943324" 35.9829 -105.9237 "inv" 2004 "US" 1539 75 176 -18 227 25 9 25 69 39 48 59 175 44 7560 303 -93 396 105 170
"214388591" "214388591" 40.93 25.92 "nat" NA "GR" 1512 78 196 -40 525 56 20 25 163 83 83 146 144 34 9069 307 -106 413 69 196
"216492645" "216492645" 39.1 -104.8 "inv" 1997 "US" 1888 50 152 -47 334 39 16 27 107 54 66 96 178 43 7728 283 -130 413 -36 148
"216492967" "216492967" 39.632 -105.187 "inv" 1999 "US" 1937 91 172 21 733 131 3 78 378 35 36 371 158 48 6071 273 -54 327 27 147
"216492974" "216492974" 39.7157 -105.696 "inv" 2000 "US" 1472 97 191 11 282 46 9 52 122 33 33 122 183 47 7053 315 -71 386 11 191
"216492980" "216492980" 49.5 -119.7 "inv" 1965 "CA" 1448 58 157 -40 326 41 13 31 116 47 57 107 162 41 7615 279 -109 388 -32 152
"216492984" "216492984" 46.657 -119.61 "inv" 1984 "US" 1830 99 218 -17 276 33 12 24 92 52 73 60 151 36 9111 321 -95 416 167 142
"216492992" "216492992" 38.594 -109.29 "inv" 1999 "US" 2311 55 163 -55 412 45 23 18 129 88 111 88 179 41 8475 277 -154 431 157 95
"216492996" "216492996" 45.701 -121.457 "inv" 1987 "US" 587 75 171 -20 824 163 12 78 457 55 55 420 135 38 7473 276 -72 348 -15 171
"216493000" "216493000" 39.4203 -104.8882 "inv" 2000 "US" 174 114 224 4 169 29 5 45 73 22 24 65 131 35 8529 320 -50 370 10 216
"216493108" "216493108" 38.587 -109.26 "inv" 1985 "US" 700 73 181 -39 351 44 16 28 122 56 72 116 130 34 8590 278 -100 378 -32 177
"216493110" "216493110" 43.206 -114.656 "inv" 1990 "US" 545 90 192 -9 449 62 17 38 177 59 71 161 122 34 7868 294 -55 349 -4 187
"216493121" "216493121" 47.332 -116.663 "inv" 1949 "US" 1145 42 130 -45 1211 199 36 57 569 124 124 518 104 34 6882 212 -89 301 -38 130
"216493128" "216493128" 41.906 -118.964 "inv" 1978 "US" 331 98 199 -2 208 33 6 46 91 25 30 84 143 39 7833 304 -60 364 2 193
"216493143" "216493143" 38.918 -119.741 "inv" 2001 "US" 306 96 204 -16 304 38 16 24 101 56 69 95 128 34 8507 302 -70 372 -8 196
"216493161" "216493161" 41.919 -115.424 "inv" 1985 "US" 1139 60 150 -26 717 98 18 44 289 77 88 268 133 39 6887 262 -76 338 -20 148
"216493162" "216493162" 41.39 -82.551 "inv" 1998 "US" 942 61 166 -46 412 68 11 52 190 47 53 171 122 33 8299 265 -98 363 -39 163
"216493443" "216493443" 41.506 -111.318 "inv" 2008 "US" 1448 58 157 -40 326 41 13 31 116 47 57 107 162 41 7615 279 -109 388 -32 152
"217906593" "217906593" 38.1 -3.1 "nat" NA "ES" 421 90 188 -8 256 42 6 53 118 27 32 109 141 39 7621 292 -64 356 -3 183
"217911152" "217911152" 38.1 -3.1 "nat" 1979 "ES" 1658 86 201 -24 365 66 8 69 180 24 174 24 167 39 8762 306 -113 419 175 -24
"217911153" "217911153" 38.1 -3.1 "nat" NA "ES" 1084 45 151 -65 475 76 21 45 206 71 77 190 130 34 8413 250 -124 374 -57 146
"217911776" "217911776" 38.1 -3.1 "nat" 1979 "ES" 511 82 180 -17 363 63 8 59 176 36 39 160 137 38 7690 282 -73 355 -12 176
"217911777" "217911777" 38.1 -3.1 "nat" NA "ES" 1043 52 148 -43 765 135 15 64 380 69 70 349 115 34 7481 240 -91 331 -37 146
"224897438" "224897438" 41 -124 "inv" NA "US" 3 110 174 51 945 149 20 58 434 85 85 393 86 38 4893 239 16 223 55 174
"224897439" "224897439" 39 -121 "inv" NA "US" 67 97 149 48 580 85 19 49 254 70 70 227 78 41 4012 206 17 189 52 149
"224897443" "224897443" 39 -120 "inv" NA "US" 741 74 178 -26 624 88 24 39 251 83 98 226 127 35 7957 284 -74 358 -20 171
"224897455" "224897455" 39 -120 "inv" NA "US" 67 97 154 42 583 88 18 46 247 72 72 226 89 41 4454 220 6 214 45 154
"224897458" "224897458" 40 -121 "inv" NA "US" 221 107 216 -6 261 45 6 55 122 28 33 111 122 33 8606 310 -55 365 2 210
"224897461" "224897461" 39 -119 "inv" NA "US" 7 114 194 34 1124 198 11 70 565 63 63 531 112 39 6322 278 -9 287 40 194
"224897481" "224897481" 40 -122 "inv" NA "US" 34 107 171 48 1109 159 29 48 473 121 121 427 93 40 4843 240 10 230 52 171
"224897484" "224897484" 38 -120 "inv" NA "US" 127 120 221 21 211 31 5 43 86 24 27 78 130 37 7748 320 -29 349 26 214
"224897506" "224897506" 42 -123 "inv" NA "US" 143 119 219 20 245 36 6 42 98 28 31 88 131 37 7717 319 -29 348 26 213
"224897562" "224897562" 41 -123 "inv" NA "US" 832 59 147 -25 1365 248 23 70 704 98 98 649 114 37 6768 239 -69 308 -20 147
"224897620" "224897620" 40 -122 "inv" NA "US" 1999 93 194 -3 378 74 9 72 193 29 193 29 167 43 7701 288 -96 384 194 -3
"224897634" "224897634" 38 -120 "inv" NA "US" 1293 111 234 -10 314 61 7 65 150 22 142 22 181 40 9450 339 -111 450 209 -10
"224897636" "224897636" 39 -120 "inv" NA "US" 1438 97 216 -18 391 68 7 68 195 24 179 24 170 39 9098 321 -109 430 190 -18
"224897637" "224897637" 39 -120 "inv" NA "US" 1658 86 201 -24 365 66 8 69 180 24 174 24 167 39 8762 306 -113 419 175 -24
"224897648" "224897648" 40 -124 "inv" NA "US" 2281 37 150 -82 376 42 20 22 120 70 119 70 178 40 8923 266 -171 437 142 -82
"224897649" "224897649" 38 -120 "inv" NA "US" 188 68 185 -56 798 101 34 25 263 134 225 146 109 28 9442 263 -121 384 143 -50
"224897650" "224897650" 38 -120 "inv" NA "US" 1182 39 143 -68 571 95 23 50 259 80 82 238 127 34 8220 241 -125 366 -60 139
"224897654" "224897654" 39 -120 "inv" NA "US" 1182 39 143 -68 571 95 23 50 259 80 82 238 127 34 8220 241 -125 366 -60 139
"224897657" "224897657" 37 -120 "inv" NA "US" 1552 95 205 -12 383 65 12 48 158 39 120 39 162 39 8445 308 -101 409 136 -12
"224897709" "224897709" 34 -117 "inv" NA "US" 1789 90 199 -11 433 66 12 45 173 44 157 44 169 41 8188 303 -104 407 174 -11
"224897780" "224897780" 36 -121 "inv" NA "US" 1710 95 204 -7 434 67 13 42 166 48 144 48 163 40 8227 304 -98 402 178 -7
"224897790" "224897790" 34 -117 "inv" NA "US" 1719 94 203 -5 424 66 13 42 163 46 139 46 159 40 8093 300 -92 392 176 -5
"224897791" "224897791" 34 -117 "inv" NA "US" 2719 25 122 -64 523 59 30 24 166 97 163 97 155 42 7344 226 -140 366 99 -64
"224897920" "224897920" 34 -117 "inv" NA "US" 1730 95 206 -7 421 69 13 49 178 41 155 41 160 39 8298 308 -94 402 180 -7
"224897939" "224897939" 34 -117 "inv" NA "US" 2147 65 164 -24 418 61 13 45 165 44 152 44 157 42 7378 266 -102 368 140 -24
"235127526" "235127526" 50.7836 4.36183 "nat" NA "BE" 2384 48 146 -42 452 57 19 36 162 62 158 62 162 43 7363 251 -124 375 123 -42
"296440620" "296440620" 40.261 29.829 "nat" 1988 "TR" 1616 79 196 -30 392 68 6 69 200 24 177 24 169 40 8806 306 -116 422 169 -30
"306598310" "306598310" 50.15948 -5.5707 "nat" 1888 "GB" 1659 96 201 -1 427 68 14 42 167 48 130 48 156 40 7925 300 -85 385 132 -1
"307501201" "307501201" 53.61637 -0.11009 "nat" 1969 "GB" 1832 82 185 -15 408 65 13 45 161 42 136 42 158 41 7808 287 -97 384 161 -15
"318053388" "318053388" 43.66583 -118.59 "inv" 2003 "US" 1967 73 175 -21 394 62 11 48 161 38 141 38 155 41 7673 278 -99 377 151 -21
"318053389" "318053389" 43.66583 -118.59 "inv" 2003 "US" 237 94 170 19 807 77 55 9 222 177 208 201 80 33 5884 230 -9 239 55 55
"319555388" "319555388" 39.42 -104.88 "inv" 2000 "US" 237 94 170 19 807 77 55 9 222 177 208 201 80 33 5884 230 -9 239 55 55
"319555389" "319555389" 39.62 -105.18 "inv" 1999 "US" 1944 99 203 -4 321 61 13 56 152 42 140 42 174 43 8046 304 -95 399 195 -4
"319555390" "319555390" 39.93 -104.83 "inv" 1999 "US" 114 140 229 56 586 88 14 44 234 67 68 218 99 33 6826 303 10 293 72 227
"319555393" "319555393" 39.7 -105.68 "inv" 2000 "US" 2270 59 162 -36 466 77 10 59 207 38 207 38 167 42 7735 265 -125 390 162 -36
"319555687" "319555687" 40.19 -105.1 "inv" 2002 "US" 1855 85 190 -11 437 66 13 42 168 48 148 48 166 42 7847 292 -102 394 164 -11
"325519741" "325519741" 49.99 6 "nat" NA "LU" 2596 32 132 -64 466 55 26 25 152 83 152 83 166 42 7652 239 -149 388 132 -64
"325519755" "325519755" 49.64 6.13 "nat" 1949 "LU" 1338 34 135 -67 318 35 17 22 96 61 96 82 114 33 7873 226 -119 345 135 -11
"325519760" "325519760" 49.64 6.13 "nat" 1949 "LU" 118 119 227 13 176 29 5 47 76 22 24 68 134 36 8307 326 -40 366 18 219
"325519769" "325519769" 49.64 6.13 "nat" 1951 "LU" 2004 86 202 -26 348 38 16 20 108 69 88 77 147 36 8822 303 -102 405 153 127
"332160836" "332160836" 43.39912 5.32403 "nat" 2008 "FR" 25 115 200 32 704 130 7 73 368 39 39 344 120 39 6610 289 -14 303 37 200
"367026492" "367026492" 48.18222 16.39556 "nat" 2010 "AT" 1841 88 196 -13 434 66 12 47 177 43 162 43 170 41 8156 301 -107 408 171 -13
"411859956" "411859956" 43.39292 5.33575 "nat" 2011 "FR" 2459 59 169 -45 455 49 21 19 137 87 115 106 139 36 8341 267 -117 384 162 94
"415904179" "415904179" 42.26666 -71.8 "inv" 1976 "US" 1709 49 162 -67 402 59 14 43 164 50 60 159 164 38 8868 285 -140 425 -51 157
"415904180" "415904180" 41.96222 -72.84 "inv" 1941 "US" 952 68 163 -21 782 107 25 40 309 97 112 290 126 37 7207 270 -70 340 -15 159
"415904181" "415904181" 41.98333 -72.69166 "inv" 1941 "US" 1377 85 188 -10 210 24 8 25 64 36 44 55 176 43 7700 316 -85 401 117 181
"415904182" "415904182" 41.98333 -72.69166 "inv" 1941 "US" 1462 97 191 10 275 45 9 53 119 32 32 119 184 47 7045 315 -73 388 10 191
"441720162" "441720162" 47.83528 -120.70278 "inv" 1988 "US" 1827 53 156 -44 323 38 15 27 103 53 64 92 179 43 7771 287 -128 415 -33 151
"441720163" "441720163" 46.96004 -119.98611 "inv" 1952 "US" 173 99 215 -24 885 95 47 21 275 166 275 166 102 28 9269 284 -78 362 193 -24
"441720166" "441720166" 48.5575 -119.74861 "inv" 1989 "US" 2145 32 142 -75 392 40 24 13 113 84 84 93 162 39 8448 259 -150 409 20 142
"441720167" "441720167" 47.65417 -117.45556 "inv" 1992 "US" 793 148 238 69 467 60 6 46 167 35 35 147 118 37 6654 333 18 315 101 238
"441720169" "441720169" 48.76667 -121.13333 "inv" 1975 "US" 793 148 238 69 467 60 6 46 167 35 35 147 118 37 6654 333 18 315 101 238
"441720170" "441720170" 46.63333 -120.51667 "inv" 1992 "US" 793 148 238 69 467 60 6 46 167 35 35 147 118 37 6654 333 18 315 101 238
"441720217" "441720217" 48.76333 -119.40833 "inv" 2002 "US" 793 148 238 69 467 60 6 46 167 35 35 147 118 37 6654 333 18 315 101 238
"441720246" "441720246" 46.15833 -117.81028 "inv" 2004 "US" 793 148 238 69 467 60 6 46 167 35 35 147 118 37 6654 333 18 315 101 238
"441720814" "441720814" 47.58926 -120.20722 "inv" 1950 "US" 395 108 156 65 1494 257 5 76 742 44 58 704 112 53 3621 228 17 211 68 153
"441720817" "441720817" 43.66583 -118.59 "inv" 2003 "US" 615 144 225 72 1117 221 2 82 574 18 27 574 140 44 6100 325 12 313 72 223
"441720819" "441720819" 46.69211 -120.65398 "inv" 1990 "US" 1898 70 154 -5 643 113 11 67 303 42 42 303 151 45 6355 262 -70 332 -5 154
"441720876" "441720876" 48.60556 -120.20111 "inv" 2004 "US" 1898 70 154 -5 643 113 11 67 303 42 42 303 151 45 6355 262 -70 332 -5 154
"441720885" "441720885" 47.09847 -120.6983 "inv" 2006 "US" 1171 97 179 19 1032 196 5 77 522 33 33 522 181 49 6328 314 -51 365 19 179
"441720893" "441720893" 47.44978 -120.58787 "inv" 2006 "US" 1535 97 200 0 141 16 8 20 41 29 36 39 187 45 7776 325 -89 414 175 155
"441720897" "441720897" 47.59833 -122.335 "inv" 2007 "US" 118 166 251 84 644 123 2 78 320 20 20 320 144 43 6670 356 25 331 84 251
"441720901" "441720901" 48.47667 -123.03167 "inv" 2007 "US" 1635 95 180 25 1139 200 5 79 557 31 39 557 142 45 6273 281 -34 315 25 179
"441720909" "441720909" 48.09833 -117.27667 "inv" 2005 "US" 1489 62 140 -5 867 151 10 65 420 56 59 383 142 46 5827 247 -61 308 -1 139
"441720919" "441720919" 48.06667 -123.06167 "inv" 2005 "US" 2071 41 114 -14 1260 204 11 68 596 64 71 519 131 47 5263 210 -68 278 -7 111
"441720927" "441720927" 47.54833 -120.25333 "inv" 2005 "US" 118 166 251 84 644 123 2 78 320 20 20 320 144 43 6670 356 25 331 84 251
"441720931" "441720931" 45.71167 -121.655 "inv" 2005 "US" 1635 95 180 25 1139 200 5 79 557 31 39 557 142 45 6273 281 -34 315 25 179
"441720935" "441720935" 47.70333 -122.09167 "inv" 2000 "US" 1898 70 154 -5 643 113 11 67 303 42 42 303 151 45 6355 262 -70 332 -5 154
"441720937" "441720937" 46.23833 -119.05833 "inv" 2005 "US" 1898 70 154 -5 643 113 11 67 303 42 42 303 151 45 6355 262 -70 332 -5 154
"441720938" "441720938" 46.25667 -118.84667 "inv" 2005 "US" 464 107 159 62 1896 340 4 82 986 33 55 951 119 52 3847 243 16 227 67 156
"441720939" "441720939" 47.77167 -120.97167 "inv" 2005 "US" 1635 95 180 25 1139 200 5 79 557 31 39 557 142 45 6273 281 -34 315 25 179
"441986212" "441986212" 44.33333 28.33333 "nat" 1914 "RO" 1635 95 180 25 1139 200 5 79 557 31 39 557 142 45 6273 281 -34 315 25 179
"441987878" "441987878" 52.40333 13.04556 "nat" 1995 "DE" 1898 70 154 -5 643 113 11 67 303 42 42 303 151 45 6355 262 -70 332 -5 154
"442203473" "442203473" 44.18 -122.106 "inv" 2002 "US" 94 166 251 80 292 51 0 79 144 3 3 141 159 45 6760 366 19 347 97 251
"466086266" "466086266" 49.35 -120.06667 "inv" 1953 "CA" 1043 149 230 80 558 103 3 77 280 20 35 275 162 49 5992 338 10 328 86 228
"466086275" "466086275" 50 -119 "inv" 1952 "CA" 423 138 198 84 352 69 1 88 191 3 9 188 181 58 4532 310 1 309 91 196
"466086390" "466086390" 49.43333 -119.65 "inv" 1979 "CA" 1043 149 230 80 558 103 3 77 280 20 35 275 162 49 5992 338 10 328 86 228
"466086561" "466086561" 50.66667 -120.31667 "inv" 1971 "CA" 1043 149 230 80 558 103 3 77 280 20 35 275 162 49 5992 338 10 328 86 228
"466086563" "466086563" 49 -117 "inv" 1971 "CA" 1043 149 230 80 558 103 3 77 280 20 35 275 162 49 5992 338 10 328 86 228
"466086815" "466086815" 49.03333 -118.43333 "inv" 1940 "CA" 1043 149 230 80 558 103 3 77 280 20 35 275 162 49 5992 338 10 328 86 228
"466086952" "466086952" 50 -119 "inv" 1947 "CA" 80 101 171 27 810 75 54 10 221 178 211 199 83 35 5661 227 -8 235 68 63
"466087881" "466087881" 49.03333 -118.43333 "inv" 1951 "CA" 442 128 213 42 527 63 19 31 179 73 77 175 98 34 6695 284 -1 285 60 209
"466089618" "466089618" 50.23333 -121.56667 "inv" 1972 "CA" 193 94 146 47 1149 146 59 31 409 188 196 384 55 33 3962 183 20 163 56 129
"466089698" "466089698" 50 -119 "inv" 1947 "CA" 1448 58 157 -40 326 41 13 31 116 47 57 107 162 41 7615 279 -109 388 -32 152
"466089783" "466089783" 49.5 -119.58333 "inv" 1939 "CA" 1448 58 157 -40 326 41 13 31 116 47 57 107 162 41 7615 279 -109 388 -32 152
"466089846" "466089846" 49.03333 -118.43333 "inv" 1939 "CA" 1858 87 195 -14 434 66 12 47 178 43 164 43 170 41 8147 300 -107 407 170 -14
"466090243" "466090243" 49.51583 -119.57361 "inv" 1939 "CA" 1854 85 190 -12 439 66 13 42 169 48 150 48 166 42 7872 292 -102 394 165 -12
"466090938" "466090938" 49.81667 -119.48333 "inv" 1951 "CA" 1542 101 215 -5 381 65 12 50 160 38 133 38 156 38 8577 313 -90 403 189 -5
"466091087" "466091087" 50 -119 "inv" 1944 "CA" 3298 -7 93 -98 698 74 42 16 208 145 182 163 136 38 7537 181 -169 350 -27 3
"466092060" "466092060" 49.28333 -119.51667 "inv" 1968 "CA" 1532 95 208 -14 373 64 11 48 156 37 120 37 163 39 8611 311 -104 415 138 -14
"466092267" "466092267" 50.28333 -122.78333 "inv" 1981 "CA" 296 89 163 17 837 84 55 12 234 177 223 207 75 32 5736 218 -12 230 24 49
"466092680" "466092680" 49 -119 "inv" 1949 "CA" 236 94 170 19 808 77 55 9 222 178 208 201 80 33 5884 230 -9 239 55 55
"466092867" "466092867" 49.6 -114.43333 "inv" 1977 "CA" 236 94 170 19 808 77 55 9 222 178 208 201 80 33 5884 230 -9 239 55 55
"466092871" "466092871" 50 -121 "inv" 1952 "CA" 236 94 170 19 808 77 55 9 222 178 208 201 80 33 5884 230 -9 239 55 55
"466092873" "466092873" 50 -121 "inv" 1952 "CA" 259 129 206 55 642 85 18 32 223 91 91 177 92 35 5854 272 10 262 137 206
"466092875" "466092875" 50 -121 "inv" 1952 "CA" 194 98 190 4 629 76 35 25 216 116 216 118 96 32 7206 260 -37 297 190 18
"466092913" "466092913" 49 -121 "inv" 1977 "CA" 220 131 208 57 633 85 17 33 222 88 88 174 92 35 5870 274 12 262 139 208
"466092920" "466092920" 50.23333 -121.56667 "inv" 1952 "CA" 148 84 198 -37 1171 113 88 6 315 280 284 285 119 31 9069 274 -106 380 41 -25
"466094533" "466094533" 50 -121 "inv" 1952 "CA" 116 90 207 -33 1188 107 84 7 313 271 300 275 122 31 9228 286 -99 385 139 -20
"466094540" "466094540" 49.03333 -118.43333 "inv" 1952 "CA" 50 96 213 -27 1141 103 79 7 300 260 289 263 121 31 9239 293 -92 385 144 -15
"466095830" "466095830" 49 -119 "inv" 1950 "CA" 50 96 213 -27 1141 103 79 7 300 260 289 263 121 31 9239 293 -92 385 144 -15
"466096235" "466096235" 50.25 -119.25 "inv" 1975 "CA" 587 75 171 -20 824 163 12 78 457 55 55 420 135 38 7473 276 -72 348 -15 171
"466096674" "466096674" 49.8 -124.6 "inv" 1997 "CA" 174 114 224 4 169 29 5 45 73 22 24 65 131 35 8529 320 -50 370 10 216
"466097412" "466097412" 49 -118 "inv" 1951 "CA" 700 73 181 -39 351 44 16 28 122 56 72 116 130 34 8590 278 -100 378 -32 177
"466097551" "466097551" 49 -119 "inv" 1961 "CA" 545 90 192 -9 449 62 17 38 177 59 71 161 122 34 7868 294 -55 349 -4 187
"466097650" "466097650" 50.16667 -119.35 "inv" 1952 "CA" 1145 42 130 -45 1211 199 36 57 569 124 124 518 104 34 6882 212 -89 301 -38 130
"466097845" "466097845" 50 -119 "inv" 1958 "CA" 331 98 199 -2 208 33 6 46 91 25 30 84 143 39 7833 304 -60 364 2 193
"466099551" "466099551" 49 -119 "inv" 1960 "CA" 306 96 204 -16 304 38 16 24 101 56 69 95 128 34 8507 302 -70 372 -8 196
"466100292" "466100292" 50 -121 "inv" 1972 "CA" 1139 60 150 -26 717 98 18 44 289 77 88 268 133 39 6887 262 -76 338 -20 148
"466100480" "466100480" 50.71667 -121.31667 "inv" 1999 "CA" 942 61 166 -46 412 68 11 52 190 47 53 171 122 33 8299 265 -98 363 -39 163
"466100513" "466100513" 49 -119 "inv" 1976 "CA" 1448 58 157 -40 326 41 13 31 116 47 57 107 162 41 7615 279 -109 388 -32 152
"466101157" "466101157" 49.03333 -118.43333 "inv" 1950 "CA" 421 90 188 -8 256 42 6 53 118 27 32 109 141 39 7621 292 -64 356 -3 183
"466101159" "466101159" 49.03333 -118.43333 "inv" 1925 "CA" 1084 45 151 -65 475 76 21 45 206 71 77 190 130 34 8413 250 -124 374 -57 146
"466101163" "466101163" 49.03333 -118.43333 "inv" 1940 "CA" 511 82 180 -17 363 63 8 59 176 36 39 160 137 38 7690 282 -73 355 -12 176
"466101165" "466101165" 49.03333 -118.43333 "inv" 1939 "CA" 1043 52 148 -43 765 135 15 64 380 69 70 349 115 34 7481 240 -91 331 -37 146
"466101169" "466101169" 50.16667 -119.35 "inv" 1952 "CA" 3 110 174 51 945 149 20 58 434 85 85 393 86 38 4893 239 16 223 55 174
"466101437" "466101437" 50.23333 -121.56667 "inv" 1971 "CA" 67 97 149 48 580 85 19 49 254 70 70 227 78 41 4012 206 17 189 52 149
"466101439" "466101439" 50.23333 -121.56667 "inv" 1971 "CA" 741 74 178 -26 624 88 24 39 251 83 98 226 127 35 7957 284 -74 358 -20 171
"466101528" "466101528" 50.75 -120.56667 "inv" 1974 "CA" 67 97 154 42 583 88 18 46 247 72 72 226 89 41 4454 220 6 214 45 154
"466101787" "466101787" 50.8 -121.6 "inv" 1978 "CA" 221 107 216 -6 261 45 6 55 122 28 33 111 122 33 8606 310 -55 365 2 210
"466101860" "466101860" 50.28333 -121.75 "inv" 1949 "CA" 7 114 194 34 1124 198 11 70 565 63 63 531 112 39 6322 278 -9 287 40 194
"466101862" "466101862" 50.28333 -121.75 "inv" 1949 "CA" 34 107 171 48 1109 159 29 48 473 121 121 427 93 40 4843 240 10 230 52 171
"466102163" "466102163" 50.23333 -121.56667 "inv" 1952 "CA" 127 120 221 21 211 31 5 43 86 24 27 78 130 37 7748 320 -29 349 26 214
"466102521" "466102521" 49.5 -119.66667 "inv" 1965 "CA" 143 119 219 20 245 36 6 42 98 28 31 88 131 37 7717 319 -29 348 26 213
"466295704" "466295704" 49.51583 -119.57361 "inv" 1939 "CA" 832 59 147 -25 1365 248 23 70 704 98 98 649 114 37 6768 239 -69 308 -20 147
"466295706" "466295706" 49.5 -119.58333 "inv" 1939 "CA" 98 112 209 12 444 50 29 16 135 90 126 99 77 26 7698 262 -32 294 189 19
"466295708" "466295708" 49.5 -119.58333 "inv" 1939 "CA" 41 92 179 3 567 67 35 21 184 112 184 126 83 30 6887 239 -31 270 179 13
"466295711" "466295711" 49 -118 "inv" 1939 "CA" 472 97 177 21 1681 275 19 62 787 107 111 719 140 44 6129 290 -25 315 25 175
"474263712" "474263712" 60.17058 24.92524 "nat" 1947 "FI" 527 80 184 -29 310 34 17 23 96 57 88 87 119 32 8281 282 -81 363 -21 36
"474263714" "474263714" 65.0231 25.40523 "nat" 1948 "FI" 1436 26 125 -70 483 54 30 18 143 93 134 132 102 31 7672 211 -117 328 -64 -20
"474263835" "474263835" 65.0231 25.40523 "nat" 1948 "FI" 1185 43 145 -60 311 35 17 22 92 60 92 82 116 33 7966 237 -112 349 145 -2
"51792737" "51792737" 45.4102 -117.4286 "inv" 1971 "US" 365 85 195 -28 306 34 13 27 96 48 96 85 113 30 8616 283 -83 366 195 39
"51793008" "51793008" 45.3746 -117.3431 "inv" 1966 "US" 2043 3 99 -85 838 106 41 29 305 138 160 282 100 30 7372 190 -135 325 -79 98
"51793083" "51793083" 45.3533 -119.5567 "inv" 1960 "US" 513 78 185 -31 460 55 27 22 146 89 110 134 135 36 8341 290 -83 373 -23 135
"51793095" "51793095" 45.4842 -120.73 "inv" 1960 "US" 1436 26 125 -70 483 54 30 18 143 93 134 132 102 31 7672 211 -117 328 -64 -20
"51793186" "51793186" 45.3573 -119.5526 "inv" 1967 "US" 513 78 185 -31 460 55 27 22 146 89 110 134 135 36 8341 290 -83 373 -23 135
"51793190" "51793190" 45.3746 -117.3431 "inv" 1966 "US" 359 90 194 -16 485 75 21 48 215 66 68 193 99 29 8122 272 -59 331 -10 170
"51793231" "51793231" 45.4102 -117.4286 "inv" 1971 "US" 359 90 194 -16 485 75 21 48 215 66 68 193 99 29 8122 272 -59 331 -10 170
"51793352" "51793352" 44.469 -119.4808 "inv" 1991 "US" 1436 26 125 -70 483 54 30 18 143 93 134 132 102 31 7672 211 -117 328 -64 -20
"51793383" "51793383" 44.3912 -123.2906 "inv" 1992 "US" 390 88 191 -13 305 34 17 20 90 62 87 81 114 33 7883 283 -56 339 170 44
"51793388" "51793388" 45.6853 -121.3058 "inv" 1979 "US" 513 78 185 -31 460 55 27 22 146 89 110 134 135 36 8341 290 -83 373 -23 135
"51793395" "51793395" 42.5663 -123.7517 "inv" 1994 "US" 442 86 189 -16 305 34 17 21 91 60 89 80 115 33 7932 282 -61 343 167 41
"51793429" "51793429" 44.1632 -121.1684 "inv" 1998 "US" 381 82 186 -23 343 37 20 19 101 66 99 89 120 34 8067 280 -71 351 165 38
"51793476" "51793476" 43.6658 -118.59 "inv" 2003 "US" 1436 26 125 -70 483 54 30 18 143 93 134 132 102 31 7672 211 -117 328 -64 -20
"51793477" "51793477" 43.6658 -118.59 "inv" 2003 "US" 327 94 198 -11 297 33 16 21 88 61 81 84 116 33 8106 291 -57 348 -3 92
"51793585" "51793585" 45.3247 -118.0867 "inv" 1937 "US" 894 49 141 -42 878 131 37 46 377 124 124 338 98 30 7221 225 -98 323 -36 141
"51793720" "51793720" 45.5947 -121.1775 "inv" 1948 "US" 1070 51 154 -52 373 42 23 21 110 77 103 98 123 34 8040 252 -105 357 92 6
"51793728" "51793728" 45.2344 -120.1839 "inv" 1948 "US" 1287 32 133 -71 648 78 41 18 198 145 175 161 132 34 8005 231 -150 381 73 93
"51793771" "51793771" 45.1667 -121.2503 "inv" 1949 "US" 901 55 155 -47 466 63 27 32 179 87 92 164 107 32 7823 237 -94 331 -39 54
"51793773" "51793773" 45.1667 -121.2503 "inv" 1949 "US" 901 55 155 -47 466 63 27 32 179 87 92 164 107 32 7823 237 -94 331 -39 54
"51793887" "51793887" 45.4167 -120.6667 "inv" 1955 "US" 901 55 155 -47 466 63 27 32 179 87 92 164 107 32 7823 237 -94 331 -39 54
"51793897" "51793897" 45.4842 -120.73 "inv" 1955 "US" 1548 21 111 -68 903 140 36 47 395 122 122 363 104 33 7040 193 -115 308 -61 111
"51793908" "51793908" 45.5947 -121.1775 "inv" 1956 "US" 359 90 194 -16 485 75 21 48 215 66 68 193 99 29 8122 272 -59 331 -10 170
"51794086" "51794086" 45.6758 -121.2686 "inv" 1944 "US" 901 55 155 -47 466 63 27 32 179 87 92 164 107 32 7823 237 -94 331 -39 54
"51794088" "51794088" 45.393 -121.1719 "inv" 1951 "US" 513 78 185 -31 460 55 27 22 146 89 110 134 135 36 8341 290 -83 373 -23 135
"60069884" "60069884" 47.32 -116.65 "inv" 1949 "US" 1070 51 154 -52 373 42 23 21 110 77 103 98 123 34 8040 252 -105 357 92 6
"60070118" "60070118" 38.6 -109.34 "inv" 1976 "US" 502 70 175 -39 447 53 25 21 134 82 124 126 111 31 8293 265 -90 355 -29 25
"60070244" "60070244" 39.52 -119.81 "inv" 1976 "US" 3 106 175 44 1140 167 40 48 482 138 138 426 74 33 5174 233 12 221 50 175
"60070254" "60070254" 39.52 -119.81 "inv" 1977 "US" 1206 49 153 -52 674 85 35 28 238 113 139 220 107 30 8064 245 -101 346 -46 148
"60070295" "60070295" 41.9 -118.96 "inv" 1978 "US" 1070 51 154 -52 373 42 23 21 110 77 103 98 123 34 8040 252 -105 357 92 6
"60070453" "60070453" 41.56 -111.83 "inv" 1982 "US" 389 76 182 -33 412 46 23 20 119 76 116 112 116 32 8285 275 -83 358 -23 32
"60070560" "60070560" 41.91 -115.42 "inv" 1985 "US" 1436 26 125 -70 483 54 30 18 143 93 134 132 102 31 7672 211 -117 328 -64 -20
"60070772" "60070772" 34.21 -117.07 "inv" 1994 "US" 1070 51 154 -52 373 42 23 21 110 77 103 98 123 34 8040 252 -105 357 92 6
"60070830" "60070830" 38.91 -119.74 "inv" 2001 "US" 901 55 155 -47 466 63 27 32 179 87 92 164 107 32 7823 237 -94 331 -39 54
"60070850" "60070850" 43.66 -118.59 "inv" 2003 "US" 476 81 187 -28 315 40 15 27 110 51 80 101 107 30 8357 269 -81 350 -21 82
"60070892" "60070892" 38.38 -109.87 "inv" 2003 "US" 1070 51 154 -52 373 42 23 21 110 77 103 98 123 34 8040 252 -105 357 92 6
"60070894" "60070894" 38.52 -107.72 "inv" 2004 "US" 513 78 185 -31 460 55 27 22 146 89 110 134 135 36 8341 290 -83 373 -23 135
"615431358" "615431358" 43.39161 5.33798 "nat" 2012 "FR" 513 78 185 -31 460 55 27 22 146 89 110 134 135 36 8341 290 -83 373 -23 135
"616365424" "616365424" 51.24649 5.72506 "nat" 1911 "NL" 513 78 185 -31 460 55 27 22 146 89 110 134 135 36 8341 290 -83 373 -23 135
"616365955" "616365955" 50.54 5.44 "nat" 1912 "NL" 513 78 185 -31 460 55 27 22 146 89 110 134 135 36 8341 290 -83 373 -23 135
"616365983" "616365983" 50.87904 5.68989 "nat" 1912 "NL" 389 76 182 -33 412 46 23 20 119 76 116 112 116 32 8285 275 -83 358 -23 32
"617297299" "617297299" 39.02 -3.46 "nat" NA "ES" 359 90 194 -16 485 75 21 48 215 66 68 193 99 29 8122 272 -59 331 -10 170
"617297318" "617297318" 39.02 -3.46 "nat" NA "ES" 359 90 194 -16 485 75 21 48 215 66 68 193 99 29 8122 272 -59 331 -10 170
"618293663" "618293663" 38.93 -3.46 "nat" NA "ES" 611 72 179 -38 309 34 13 27 97 48 97 85 112 31 8406 266 -95 361 179 27
"618293974" "618293974" 39.02 -3.46 "nat" NA "ES" 892 57 158 -46 361 43 18 24 120 63 96 111 106 31 7981 239 -101 340 -40 13
"620619000" "620619000" 40.19195 44.51962 "nat" NA "AM" 499 81 182 -20 527 79 25 45 226 78 79 205 98 30 7863 260 -64 324 -15 159
"668748026" "668748026" 48.55556 -68.23056 "inv" 1978 "CA" 499 81 182 -20 527 79 25 45 226 78 79 205 98 30 7863 260 -64 324 -15 159
"668748027" "668748027" 48.55556 -68.23056 "inv" 1978 "CA" 359 90 194 -16 485 75 21 48 215 66 68 193 99 29 8122 272 -59 331 -10 170
"668748028" "668748028" 48.55556 -68.23056 "inv" 1978 "CA" 954 56 159 -49 297 33 16 22 89 57 89 78 117 33 8057 252 -100 352 159 11
"668748029" "668748029" 46.78889 -71.30306 "inv" 2002 "CA" 442 86 189 -16 305 34 17 21 91 60 89 80 115 33 7932 282 -61 343 167 41
"684151446" "684151446" 46.0275 4.68361 "nat" NA "FR" 390 88 191 -13 305 34 17 20 90 62 87 81 114 33 7883 283 -56 339 170 44
"684151447" "684151447" 45.57111 10.81278 "nat" 1897 "IT" 390 88 191 -13 305 34 17 20 90 62 87 81 114 33 7883 283 -56 339 170 44
"689546" "689546" 40.48333 22.85 "nat" 2000 "GR" 1206 49 153 -52 674 85 35 28 238 113 139 220 107 30 8064 245 -101 346 -46 148
"689571" "689571" 40.83333 23.85 "nat" 2000 "GR" 27 51 158 -48 649 78 33 31 221 103 197 134 64 21 8037 208 -87 295 145 -16
"695807122" "695807122" 52.46 13.42 "nat" NA "DE" 214 132 208 58 631 85 17 33 221 87 87 174 92 35 5859 275 13 262 139 208
"695807123" "695807123" 51.86 12.08 "nat" NA "DE" 31 97 167 26 774 74 50 11 216 162 216 184 76 34 5534 219 -4 223 167 56
"695807124" "695807124" 51.46 6.75 "nat" NA "DE" 251 89 159 18 937 87 65 9 253 205 253 236 76 33 5564 212 -13 225 159 49
"695807125" "695807125" 51.46 7.08 "nat" NA "DE" 44 99 169 29 786 75 52 11 223 165 223 184 77 34 5510 222 -3 225 169 58
"695807126" "695807126" 51.46 11.08 "nat" NA "DE" 639 147 238 65 423 51 5 41 147 38 38 124 125 38 6803 339 12 327 131 238
"695807127" "695807127" 51.46 11.75 "nat" NA "DE" 639 147 238 65 423 51 5 41 147 38 38 124 125 38 6803 339 12 327 131 238
"695807128" "695807128" 51.36 6.58 "nat" NA "DE" 660 147 238 65 431 52 5 43 150 37 37 128 125 38 6800 339 11 328 130 238
"695807129" "695807129" 51.36 12.25 "nat" NA "DE" 639 147 238 65 423 51 5 41 147 38 38 124 125 38 6803 339 12 327 131 238
"695807130" "695807130" 51.26 14.08 "nat" NA "DE" 1128 107 220 -18 336 59 16 42 138 54 75 60 122 31 9220 310 -78 388 152 217
"695807131" "695807131" 51.16 13.25 "nat" NA "DE" 106 24 146 -107 923 87 60 11 252 194 243 234 94 24 9746 216 -169 385 136 -52
"695807132" "695807132" 51.16 14.42 "nat" NA "DE" 106 24 146 -107 923 87 60 11 252 194 243 234 94 24 9746 216 -169 385 136 -52
"695807133" "695807133" 51.16 14.92 "nat" NA "DE" 106 24 146 -107 923 87 60 11 252 194 243 234 94 24 9746 216 -169 385 136 -52
"695807134" "695807134" 51.06 11.08 "nat" NA "DE" 20 48 181 -97 1107 117 71 18 337 215 337 261 99 23 10732 257 -159 416 181 -32
"695807135" "695807135" 51.06 13.75 "nat" NA "DE" 199 113 194 31 754 79 47 19 221 147 212 147 93 34 6320 263 -8 271 160 46
"695807136" "695807136" 50.86 6.58 "nat" NA "DE" 190 124 215 26 834 87 46 22 244 145 237 149 92 30 7312 283 -20 303 178 44
"695807137" "695807137" 50.86 11.42 "nat" NA "DE" 26 84 163 5 750 80 43 18 230 142 230 174 80 32 6197 222 -26 248 163 37
"695807138" "695807138" 50.76 6.08 "nat" NA "DE" 16 85 165 5 729 78 42 18 225 138 225 169 81 32 6271 225 -27 252 165 38
"695807139" "695807139" 50.76 12.42 "nat" NA "DE" 51 90 177 0 566 70 33 22 186 109 186 126 81 29 6931 238 -34 272 177 41
"695807140" "695807140" 49.46 8.42 "nat" NA "DE" 58 92 177 8 491 60 29 26 170 90 170 94 81 31 6609 235 -23 258 177 17
"695807141" "695807141" 49.46 11.08 "nat" NA "DE" 33 101 175 25 808 83 48 13 229 169 227 195 79 33 5841 231 -5 236 160 60
"695807142" "695807142" 49.26 10.58 "nat" NA "DE" 77 99 172 24 835 84 51 13 240 171 240 202 77 33 5795 227 -6 233 172 57
"695807143" "695807143" 49.06 8.25 "nat" NA "DE" 153 86 168 6 526 70 28 28 186 93 186 93 82 32 6349 227 -28 255 168 6
"695807144" "695807144" 49.06 8.42 "nat" NA "DE" 87 91 173 9 486 64 27 31 178 84 178 85 82 32 6440 233 -22 255 173 17
"695807145" "695807145" 48.86 9.25 "nat" NA "DE" 35 101 175 25 799 83 49 13 228 167 227 192 80 33 5857 231 -6 237 160 60
"695807146" "695807146" 48.76 9.25 "nat" NA "DE" 98 91 176 7 503 60 28 25 174 91 174 95 82 31 6609 235 -24 259 176 16
"695807147" "695807147" 48.66 9.92 "nat" NA "DE" 207 84 171 -4 616 77 34 25 214 112 214 122 76 28 6836 227 -36 263 171 5
"695807148" "695807148" 48.46 9.25 "nat" NA "DE" 213 85 170 -2 607 76 34 26 214 109 214 116 77 29 6747 227 -34 261 170 7
"695807149" "695807149" 48.16 11.58 "nat" NA "DE" 202 84 171 -6 594 73 32 27 208 105 208 115 78 29 6892 229 -38 267 171 4
"695807150" "695807150" 52.96 12.42 "nat" NA "DE" 215 84 170 -6 629 72 35 24 212 115 212 131 80 29 6874 229 -40 269 170 3
"695807151" "695807151" 52.66 13.42 "nat" NA "DE" 160 86 168 4 494 68 23 33 182 78 182 78 85 32 6409 229 -31 260 168 4
"695807152" "695807152" 52.56 13.25 "nat" NA "DE" 116 90 177 2 593 78 32 28 213 103 213 110 78 29 6822 234 -30 264 177 11
"695807153" "695807153" 52.56 13.42 "nat" NA "DE" 105 99 172 24 802 82 53 14 239 167 239 188 79 33 5789 227 -6 233 172 57
"695807154" "695807154" 52.56 13.75 "nat" NA "DE" 351 77 158 -3 620 81 32 26 216 118 216 118 82 31 6322 218 -39 257 158 4
"695807155" "695807155" 52.46 13.25 "nat" NA "DE" 182 98 169 26 865 85 58 11 249 188 249 202 74 33 5629 221 -2 223 169 55
"695807156" "695807156" 52.46 13.42 "nat" NA "DE" 308 80 164 -6 591 70 34 24 204 111 204 118 80 30 6656 223 -38 261 164 3
"695807157" "695807157" 52.16 13.42 "nat" NA "DE" 96 101 183 18 642 73 41 19 205 128 205 139 87 33 6449 246 -16 262 183 30
"695807158" "695807158" 52.06 14.08 "nat" NA "DE" 326 89 175 3 652 76 39 22 219 129 219 136 90 33 6699 239 -33 272 175 14
"695807159" "695807159" 51.86 11.25 "nat" NA "DE" 468 79 163 -8 725 87 45 22 244 144 244 153 85 32 6652 224 -41 265 163 5
"695807160" "695807160" 51.86 12.25 "nat" NA "DE" 102 104 187 19 695 80 43 19 216 138 216 149 88 32 6547 252 -15 267 187 32
"695807161" "695807161" 51.86 13.92 "nat" NA "DE" 121 104 187 19 722 83 45 18 224 145 224 157 88 32 6563 253 -15 268 187 32
"695807162" "695807162" 51.76 10.92 "nat" NA "DE" 214 96 175 12 655 86 37 29 230 113 230 119 88 33 6365 237 -24 261 175 25
"695807163" "695807163" 51.76 11.25 "nat" NA "DE" 228 93 172 9 661 88 36 30 235 111 235 118 88 33 6325 233 -27 260 172 23
"695807164" "695807164" 51.76 11.42 "nat" NA "DE" 661 72 153 -11 816 102 48 26 286 153 286 161 83 32 6415 213 -44 257 153 0
"695807165" "695807165" 51.76 11.58 "nat" NA "DE" 509 84 165 0 808 102 47 27 282 144 282 153 86 32 6449 228 -36 264 165 13
"695807166" "695807166" 51.76 11.75 "nat" NA "DE" 517 80 165 -10 923 123 49 34 351 156 351 159 89 32 6802 228 -50 278 165 3
"695807167" "695807167" 51.76 11.92 "nat" NA "DE" 40 87 171 3 557 65 31 22 185 104 185 119 76 30 6570 226 -27 253 171 36
"695807168" "695807168" 51.76 12.25 "nat" NA "DE" 53 89 175 -2 577 69 34 22 191 110 191 125 80 29 6891 235 -35 270 175 39
"695807169" "695807169" 51.66 6.58 "nat" NA "DE" 43 90 177 0 577 69 35 21 189 112 189 128 81 30 6889 237 -33 270 177 41
"695807170" "695807170" 51.66 12.25 "nat" NA "DE" 52 89 176 -1 575 70 34 22 190 110 190 126 80 29 6892 237 -34 271 176 40
"695807171" "695807171" 51.66 13.92 "nat" NA "DE" 58 89 177 -3 553 66 31 22 184 105 184 119 80 29 6991 236 -36 272 177 40
"695807172" "695807172" 51.66 14.08 "nat" NA "DE" 46 91 178 1 577 70 35 21 188 113 188 129 82 30 6909 239 -33 272 178 42
"695807173" "695807173" 51.56 10.75 "nat" NA "DE" 51 90 177 0 566 70 33 22 186 109 186 126 81 29 6931 238 -34 272 177 41
"695807174" "695807174" 51.56 10.92 "nat" NA "DE" 37 93 180 3 549 67 31 22 182 107 182 119 82 30 6926 241 -31 272 180 13
"695807175" "695807175" 51.56 11.58 "nat" NA "DE" 66 92 180 -1 555 66 32 23 188 105 188 115 80 29 7020 239 -34 273 180 10
"695807176" "695807176" 51.56 11.75 "nat" NA "DE" 116 88 170 7 524 67 30 25 179 99 179 99 81 32 6386 228 -24 252 170 7
"695807177" "695807177" 51.56 11.92 "nat" NA "DE" 58 92 177 7 501 61 29 25 173 92 173 97 81 31 6616 235 -24 259 177 16
"695807178" "695807178" 51.56 12.25 "nat" NA "DE" 52 93 181 2 558 66 32 23 190 105 190 115 80 29 6975 240 -30 270 181 13
"695807179" "695807179" 51.56 13.25 "nat" NA "DE" 454 70 150 -9 765 86 50 16 235 168 235 172 75 30 6241 204 -40 244 150 -2
"695807180" "695807180" 51.46 10.92 "nat" NA "DE" 164 86 168 5 539 69 31 25 184 102 184 102 80 31 6367 225 -26 251 168 5
"695807181" "695807181" 51.46 11.58 "nat" NA "DE" 140 87 170 6 519 66 30 25 179 98 179 98 80 31 6398 228 -25 253 170 6
"695807182" "695807182" 51.46 11.75 "nat" NA "DE" 137 87 170 5 512 65 30 26 178 96 178 97 80 31 6441 228 -25 253 170 14
"695807183" "695807183" 51.46 11.92 "nat" NA "DE" 76 91 175 8 483 61 28 27 171 88 171 89 81 31 6494 233 -22 255 175 17
"695807184" "695807184" 51.46 12.08 "nat" NA "DE" 84 90 175 8 490 61 29 27 172 90 172 92 81 31 6537 233 -22 255 175 16
"695807185" "695807185" 51.46 12.58 "nat" NA "DE" 75 91 176 7 503 61 29 25 174 92 174 97 81 31 6617 235 -24 259 176 16
"695807186" "695807186" 51.46 14.08 "nat" NA "DE" 17 100 172 25 776 78 46 14 223 159 223 185 77 33 5709 227 -5 232 172 59
"695807187" "695807187" 51.36 11.92 "nat" NA "DE" 89 91 176 6 504 61 29 25 175 92 175 97 81 31 6605 234 -24 258 176 15
"695807188" "695807188" 51.36 12.25 "nat" NA "DE" 128 90 177 0 590 71 34 23 201 111 201 121 78 29 6893 235 -32 267 177 10
"695807189" "695807189" 51.36 12.42 "nat" NA "DE" 67 93 180 1 568 69 32 24 195 104 195 115 79 29 6970 239 -31 270 180 12
"695807190" "695807190" 51.36 12.58 "nat" NA "DE" 227 83 163 2 611 76 37 22 203 119 203 121 81 32 6313 220 -31 251 163 9
"695807191" "695807191" 51.26 6.75 "nat" NA "DE" 470 70 150 -10 753 85 48 16 233 162 233 166 77 31 6272 204 -41 245 150 -3
"695807192" "695807192" 51.26 6.92 "nat" NA "DE" 235 82 165 2 553 70 32 26 193 105 193 105 80 31 6353 223 -29 252 165 9
"695807193" "695807193" 51.26 7.08 "nat" NA "DE" 168 86 169 5 517 66 30 28 185 94 185 95 81 32 6422 227 -25 252 169 13
"695807194" "695807194" 51.26 10.42 "nat" NA "DE" 144 88 172 5 503 63 29 29 181 89 181 92 81 31 6490 230 -24 254 172 14
"695807195" "695807195" 51.26 11.92 "nat" NA "DE" 90 91 176 7 500 60 29 25 173 91 173 96 81 31 6601 235 -24 259 176 16
"695807196" "695807196" 51.26 12.42 "nat" NA "DE" 85 92 178 4 567 68 32 25 197 103 197 111 80 30 6800 237 -29 266 178 14
"695807197" "695807197" 51.16 14.42 "nat" NA "DE" 158 86 168 5 536 70 29 27 187 96 187 96 82 32 6375 226 -28 254 168 13
"695807198" "695807198" 51.16 14.92 "nat" NA "DE" 236 82 165 2 552 71 31 27 194 102 194 102 80 31 6350 223 -30 253 165 9
"695807199" "695807199" 51.06 11.08 "nat" NA "DE" 87 91 173 9 486 64 27 31 178 84 178 85 82 32 6440 233 -22 255 173 17
"695807200" "695807200" 50.96 6.75 "nat" NA "DE" 76 91 175 9 475 61 27 31 175 82 175 83 82 32 6496 235 -21 256 175 17
"695807201" "695807201" 50.96 6.92 "nat" NA "DE" 98 91 175 7 492 61 28 27 175 87 175 91 82 31 6536 235 -23 258 175 16
"695807202" "695807202" 50.96 11.58 "nat" NA "DE" 120 89 175 4 536 63 31 24 184 99 184 104 81 30 6670 234 -28 262 175 13
"695807203" "695807203" 50.86 10.92 "nat" NA "DE" 115 90 178 0 585 72 33 25 203 107 203 117 78 29 6936 236 -32 268 178 10
"695807204" "695807204" 49.96 7.75 "nat" NA "DE" 110 90 172 8 498 64 28 30 181 87 181 89 82 32 6441 232 -23 255 172 16
"695807205" "695807205" 49.96 8.42 "nat" NA "DE" 98 91 176 7 503 60 28 25 174 91 174 95 82 31 6609 235 -24 259 176 16
"695807206" "695807206" 49.76 9.92 "nat" NA "DE" 116 90 174 4 520 61 30 24 179 96 179 100 81 31 6638 233 -27 260 174 13
"695807207" "695807207" 49.56 8.42 "nat" NA "DE" 141 88 172 2 542 63 31 24 186 100 186 105 80 30 6650 231 -30 261 172 11
"695807208" "695807208" 49.56 8.58 "nat" NA "DE" 38 102 177 24 810 86 49 14 232 171 228 195 82 33 5955 236 -7 243 162 60
"695807209" "695807209" 49.46 8.25 "nat" NA "DE" 128 97 172 21 861 88 55 13 247 180 247 210 79 33 5878 228 -10 238 172 56
"695807210" "695807210" 49.46 8.42 "nat" NA "DE" 214 92 166 17 904 90 59 13 260 189 260 225 76 32 5833 221 -13 234 166 50
"695807211" "695807211" 49.46 8.58 "nat" NA "DE" 281 79 159 -3 660 78 42 19 213 130 213 139 84 33 6301 216 -36 252 159 6
"695807212" "695807212" 49.46 11.08 "nat" NA "DE" 131 88 171 7 515 66 29 29 185 92 185 94 82 32 6408 231 -23 254 171 16
"695807213" "695807213" 49.36 8.25 "nat" NA "DE" 104 90 175 4 517 61 29 25 179 94 179 98 82 31 6664 234 -27 261 175 13
"695807214" "695807214" 49.26 8.08 "nat" NA "DE" 202 84 171 -6 594 73 32 27 208 105 208 115 78 29 6892 229 -38 267 171 4
"695807215" "695807215" 49.16 8.08 "nat" NA "DE" 215 84 170 -6 629 72 35 24 212 115 212 131 80 29 6874 229 -40 269 170 3
"695807216" "695807216" 49.16 8.58 "nat" NA "DE" 160 86 168 4 494 68 23 33 182 78 182 78 85 32 6409 229 -31 260 168 4
"695807217" "695807217" 49.06 8.08 "nat" NA "DE" 92 99 174 23 804 84 54 14 242 166 242 189 81 33 5875 231 -8 239 174 57
"695807218" "695807218" 49.06 8.25 "nat" NA "DE" 50 101 177 24 779 83 52 17 244 157 244 177 83 34 5952 235 -8 243 177 59
"695807219" "695807219" 49.06 8.42 "nat" NA "DE" 342 77 158 -2 630 81 35 25 217 123 217 123 81 32 6261 218 -35 253 158 5
"695807220" "695807220" 48.96 8.42 "nat" NA "DE" 284 80 162 -4 540 69 28 27 187 94 187 94 86 33 6463 222 -37 259 162 6
"695807221" "695807221" 48.86 9.25 "nat" NA "DE" 343 83 160 4 685 70 44 14 203 139 203 170 80 32 6095 217 -29 246 160 41
"695807222" "695807222" 48.76 9.08 "nat" NA "DE" 87 98 180 14 576 64 35 20 185 109 185 123 86 32 6452 243 -19 262 180 58
"695807223" "695807223" 48.76 9.25 "nat" NA "DE" 302 89 173 3 655 76 41 18 205 135 205 146 86 32 6639 235 -30 265 173 15
"695807224" "695807224" 48.66 8.92 "nat" NA "DE" 90 101 183 17 624 71 40 19 201 123 201 134 87 33 6465 247 -16 263 183 29
"695807225" "695807225" 48.66 9.08 "nat" NA "DE" 108 101 183 17 644 74 41 20 209 127 209 137 87 33 6476 246 -16 262 183 29
"695807226" "695807226" 48.56 7.75 "nat" NA "DE" 113 99 181 16 634 70 40 18 200 127 200 139 87 33 6405 243 -18 261 181 28
"695807227" "695807227" 48.56 10.75 "nat" NA "DE" 96 101 183 18 642 73 41 19 205 128 205 139 87 33 6449 246 -16 262 183 30
"695807228" "695807228" 48.46 9.25 "nat" NA "DE" 97 102 185 18 651 76 42 20 212 129 212 139 86 32 6485 247 -15 262 185 31
"695807229" "695807229" 52.56 14.08 "nat" NA "DE" 326 89 175 3 652 76 39 22 219 129 219 136 90 33 6699 239 -33 272 175 14
"695807230" "695807230" 52.46 13.25 "nat" NA "DE" 114 100 182 17 650 73 41 18 205 131 205 143 87 33 6417 246 -17 263 182 29
"695807231" "695807231" 52.46 13.42 "nat" NA "DE" 218 94 174 12 695 75 44 16 213 142 213 159 87 33 6362 237 -24 261 174 52
"695807232" "695807232" 52.16 9.92 "nat" NA "DE" 213 96 177 13 705 77 45 16 216 145 216 158 88 33 6402 241 -22 263 177 24
"695807233" "695807233" 52.16 11.58 "nat" NA "DE" 110 104 187 19 693 82 44 20 222 137 222 147 87 32 6516 251 -15 266 187 32
"695807234" "695807234" 51.76 11.42 "nat" NA "DE" 144 100 182 17 687 77 43 18 213 137 213 149 88 33 6451 247 -18 265 182 29
"695807235" "695807235" 51.76 11.58 "nat" NA "DE" 102 104 187 19 695 80 43 19 216 138 216 149 88 32 6547 252 -15 267 187 32
"695807236" "695807236" 51.76 11.75 "nat" NA "DE" 121 104 187 19 722 83 45 18 224 145 224 157 88 32 6563 253 -15 268 187 32
"695807237" "695807237" 51.66 6.58 "nat" NA "DE" 116 104 187 20 729 85 45 19 228 146 227 158 88 32 6526 253 -15 268 171 33
"695807238" "695807238" 51.66 11.75 "nat" NA "DE" 214 96 175 12 655 86 37 29 230 113 230 119 88 33 6365 237 -24 261 175 25
"695807239" "695807239" 51.66 12.25 "nat" NA "DE" 460 87 168 5 771 97 46 25 263 142 263 151 87 33 6378 229 -31 260 168 17
"695807240" "695807240" 51.56 11.25 "nat" NA "DE" 228 93 172 9 661 88 36 30 235 111 235 118 88 33 6325 233 -27 260 172 23
"695807241" "695807241" 51.46 6.92 "nat" NA "DE" 462 87 168 4 804 98 50 23 267 153 267 163 88 33 6378 231 -33 264 168 16
"695807242" "695807242" 51.46 10.42 "nat" NA "DE" 437 87 168 4 767 97 45 27 263 138 263 147 87 33 6385 230 -32 262 168 16
"695807243" "695807243" 51.46 12.42 "nat" NA "DE" 142 102 184 18 652 80 37 26 219 114 217 118 87 32 6451 249 -16 265 168 32
"695807244" "695807244" 51.46 12.75 "nat" NA "DE" 475 83 167 -6 797 104 46 30 291 142 291 149 85 31 6723 228 -40 268 167 8
"695807245" "695807245" 51.36 10.58 "nat" NA "DE" 509 84 165 0 808 102 47 27 282 144 282 153 86 32 6449 228 -36 264 165 13
"695807246" "695807246" 51.36 12.25 "nat" NA "DE" 81 88 177 -7 555 65 32 23 187 105 187 116 79 28 7129 236 -41 277 177 4
"695807247" "695807247" 51.36 12.42 "nat" NA "DE" 46 91 178 1 577 70 35 21 188 113 188 129 82 30 6909 239 -33 272 178 42
"695807248" "695807248" 51.26 7.08 "nat" NA "DE" 51 90 177 0 566 70 33 22 186 109 186 126 81 29 6931 238 -34 272 177 41
"695807249" "695807249" 51.26 10.42 "nat" NA "DE" 76 88 165 9 673 76 42 19 216 136 216 149 83 33 6094 223 -22 245 165 17
"695807250" "695807250" 51.26 11.92 "nat" NA "DE" 56 90 174 7 500 60 31 22 166 100 166 102 80 31 6497 231 -24 255 174 16
"695807251" "695807251" 51.26 12.42 "nat" NA "DE" 140 87 170 6 519 66 30 25 179 98 179 98 80 31 6398 228 -25 253 170 6
"695807252" "695807252" 51.26 14.42 "nat" NA "DE" 137 87 170 5 512 65 30 26 178 96 178 97 80 31 6441 228 -25 253 170 14
"695807253" "695807253" 51.16 10.92 "nat" NA "DE" 76 91 175 8 483 61 28 27 171 88 171 89 81 31 6494 233 -22 255 175 17
"695807254" "695807254" 51.16 14.42 "nat" NA "DE" 17 100 172 25 776 78 46 14 223 159 223 185 77 33 5709 227 -5 232 172 59
"695807255" "695807255" 51.16 14.92 "nat" NA "DE" 107 89 173 7 493 63 28 28 176 89 176 90 81 32 6460 231 -22 253 173 16
"695807256" "695807256" 51.06 11.08 "nat" NA "DE" 89 91 176 6 504 61 29 25 175 92 175 97 81 31 6605 234 -24 258 176 15
"695807257" "695807257" 51.06 11.58 "nat" NA "DE" 315 78 159 -2 606 75 35 23 204 119 204 119 79 31 6318 217 -34 251 159 5
"695807258" "695807258" 50.96 6.75 "nat" NA "DE" 90 98 173 23 844 86 52 13 239 176 239 207 76 32 5837 227 -7 234 173 57
"695807259" "695807259" 50.96 10.92 "nat" NA "DE" 505 67 146 -13 903 95 63 13 266 197 266 220 79 32 6212 200 -45 245 146 21
"695807260" "695807260" 50.96 11.08 "nat" NA "DE" 119 89 174 4 523 62 30 24 180 96 180 101 81 31 6642 233 -27 260 174 13
"695807261" "695807261" 50.86 6.58 "nat" NA "DE" 128 89 174 3 551 65 31 25 190 100 190 107 80 30 6689 233 -29 262 174 12
"695807262" "695807262" 50.86 10.92 "nat" NA "DE" 450 70 150 -10 782 86 52 15 239 166 239 177 80 32 6282 205 -42 247 150 -2
"695807263" "695807263" 50.86 12.92 "nat" NA "DE" 98 91 176 7 503 60 28 25 174 91 174 95 82 31 6609 235 -24 259 176 16
"695807264" "695807264" 50.76 6.08 "nat" NA "DE" 116 90 174 4 520 61 30 24 179 96 179 100 81 31 6638 233 -27 260 174 13
"695807265" "695807265" 49.86 8.58 "nat" NA "DE" 214 92 166 17 904 90 59 13 260 189 260 225 76 32 5833 221 -13 234 166 50
"695807266" "695807266" 49.76 9.42 "nat" NA "DE" 281 79 159 -3 660 78 42 19 213 130 213 139 84 33 6301 216 -36 252 159 6
"695807267" "695807267" 49.56 8.42 "nat" NA "DE" 131 88 171 7 515 66 29 29 185 92 185 94 82 32 6408 231 -23 254 171 16
"695807268" "695807268" 49.46 8.42 "nat" NA "DE" 104 90 175 4 517 61 29 25 179 94 179 98 82 31 6664 234 -27 261 175 13
"695807269" "695807269" 49.46 8.58 "nat" NA "DE" 151 87 174 -4 586 72 32 26 204 105 204 115 78 29 6918 232 -36 268 174 7
"695807270" "695807270" 49.46 11.08 "nat" NA "DE" 187 85 166 2 516 68 26 29 183 87 183 87 84 32 6398 225 -32 257 166 11
"695807271" "695807271" 49.36 8.25 "nat" NA "DE" 202 84 171 -6 594 73 32 27 208 105 208 115 78 29 6892 229 -38 267 171 4
"695807272" "695807272" 49.06 8.25 "nat" NA "DE" 215 84 170 -6 629 72 35 24 212 115 212 131 80 29 6874 229 -40 269 170 3
"695807273" "695807273" 49.06 8.42 "nat" NA "DE" 160 86 168 4 494 68 23 33 182 78 182 78 85 32 6409 229 -31 260 168 4
"695807274" "695807274" 48.56 7.75 "nat" NA "DE" 167 86 167 7 548 75 29 30 199 98 199 98 83 32 6267 229 -27 256 167 15
"70463067" "70463067" 47.83528 -120.70278 "inv" 1988 "US" 92 99 174 23 804 84 54 14 242 166 242 189 81 33 5875 231 -8 239 174 57
"70463069" "70463069" 46.96004 -119.98611 "inv" 1952 "US" 292 79 161 -4 536 68 27 28 186 91 186 91 85 33 6425 221 -36 257 161 -4
"70463074" "70463074" 48.5575 -119.74861 "inv" 1989 "US" 242 82 165 0 522 70 25 31 188 86 188 86 85 32 6428 225 -36 261 165 0
"70463077" "70463077" 47.65417 -117.45556 "inv" 1992 "US" 105 99 172 24 802 82 53 14 239 167 239 188 79 33 5789 227 -6 233 172 57
"70463083" "70463083" 48.76667 -121.13333 "inv" 1975 "US" 284 80 162 -4 540 69 28 27 187 94 187 94 86 33 6463 222 -37 259 162 6
"70463085" "70463085" 46.63333 -120.51667 "inv" 1992 "US" 289 80 165 -7 601 75 34 26 212 109 212 116 78 30 6702 222 -38 260 165 2
"70463220" "70463220" 48.76333 -119.40833 "inv" 2002 "US" 182 98 169 26 865 85 58 11 249 188 249 202 74 33 5629 221 -2 223 169 55
"70463325" "70463325" 46.15833 -117.81028 "inv" 2004 "US" 105 98 182 12 626 70 39 19 200 123 200 134 89 33 6597 246 -23 269 182 25
"70463951" "70463951" 47.58926 -120.20722 "inv" 1950 "US" 372 89 172 3 730 83 47 17 227 151 227 163 87 32 6593 233 -32 265 172 14
"70463954" "70463954" 43.66583 -118.59 "inv" 2003 "US" 90 101 183 17 624 71 40 19 201 123 201 134 87 33 6465 247 -16 263 183 29
"70463956" "70463956" 46.69211 -120.65398 "inv" 1990 "US" 96 101 183 18 642 73 41 19 205 128 205 139 87 33 6449 246 -16 262 183 30
"725174669" "725174669" 63.1326 21.54034 "nat" 1947 "FI" 97 102 185 18 651 76 42 20 212 129 212 139 86 32 6485 247 -15 262 185 31
"725174670" "725174670" 63.1326 21.54034 "nat" 1947 "FI" 326 89 175 3 652 76 39 22 219 129 219 136 90 33 6699 239 -33 272 175 14
"725174671" "725174671" 60.88486 24.6948 "nat" 1959 "FI" 114 100 182 17 650 73 41 18 205 131 205 143 87 33 6417 246 -17 263 182 29
"725174672" "725174672" 61.49327 23.71066 "nat" 1917 "FI" 102 104 187 19 695 80 43 19 216 138 216 149 88 32 6547 252 -15 267 187 32
"725174673" "725174673" 61.49327 23.71066 "nat" 1917 "FI" 121 104 187 19 722 83 45 18 224 145 224 157 88 32 6563 253 -15 268 187 32
"725174680" "725174680" 61.49327 23.71066 "nat" 1960 "FI" 142 102 184 18 652 80 37 26 219 114 217 118 87 32 6451 249 -16 265 168 32
"725174969" "725174969" 61.49327 23.71066 "nat" 1960 "FI" 122 40 150 -65 636 81 32 30 223 101 206 127 76 23 8374 210 -110 320 135 -28
"727817614" "727817614" 44.6922 -118.06294 "inv" 2009 "US" 124 35 148 -74 582 78 27 33 212 88 203 108 82 24 8622 212 -122 334 132 -34
"727819192" "727819192" 43.38222 28.45767 "nat" 2008 "BG" 124 35 148 -74 582 78 27 33 212 88 203 108 82 24 8622 212 -122 334 132 -34
"727819194" "727819194" 40.15677 22.54818 "nat" 2008 "GR" 124 35 148 -74 582 78 27 33 212 88 203 108 82 24 8622 212 -122 334 132 -34
"727819196" "727819196" 40.62162 23.07868 "nat" 2008 "GR" 124 35 148 -74 582 78 27 33 212 88 203 108 82 24 8622 212 -122 334 132 -34
"727819197" "727819197" 40.85102 25.79317 "nat" 2008 "GR" 124 35 148 -74 582 78 27 33 212 88 203 108 82 24 8622 212 -122 334 132 -34
"727819199" "727819199" 47.642 18.78257 "nat" 2008 "HU" 124 35 148 -74 582 78 27 33 212 88 203 108 82 24 8622 212 -122 334 132 -34
"727819201" "727819201" 44.11052 28.63703 "nat" 2008 "RO" 1247 61 160 -37 401 53 16 33 148 61 77 135 156 40 7649 281 -102 383 -29 156
"774372686" "774372686" 49.9775 6.96028 "nat" 1997 "DE" 492 131 224 39 490 58 24 25 159 81 92 140 100 32 7227 297 -8 305 55 220
"788621230" "788621230" 58.27884 12.27909 "nat" 2009 "SE" 176 106 200 3 573 69 33 23 182 107 178 121 91 29 7700 267 -40 307 185 20
"788630655" "788630655" 58.27884 12.27909 "nat" 2009 "SE" 5 119 213 23 424 45 28 13 118 89 110 100 70 25 7457 260 -20 280 85 28
"788689105" "788689105" 55.41965 12.84995 "nat" 1907 "SE" 253 130 221 39 612 77 25 30 217 88 100 194 105 34 7167 301 -5 306 56 217
"788689165" "788689165" 59.85815 17.63407 "nat" 1904 "SE" 16 137 195 79 1326 162 68 23 440 252 284 400 82 40 4502 244 40 204 113 176
"788689225" "788689225" 55.55699 14.34889 "nat" 1907 "SE" 154 95 170 18 650 67 40 16 196 127 196 157 80 33 5943 227 -13 240 170 55
"788690359" "788690359" 62.448 17.35246 "nat" 1906 "SE" 38 145 235 58 534 71 14 38 207 68 83 179 97 33 6935 304 13 291 74 230
"788722930" "788722930" 55.41965 12.84995 "nat" 1907 "SE" 42 69 157 -16 764 85 41 25 249 129 208 172 67 26 6764 205 -49 254 77 12
"811775877" "811775877" 34.2115 -117.07683 "inv" 1994 "US" 42 69 157 -16 764 85 41 25 249 129 208 172 67 26 6764 205 -49 254 77 12
"833455563" "833455563" 49.18333 8.1 "nat" 1975 "DE" -1 82 162 8 556 61 30 21 175 100 166 120 61 26 6106 204 -22 226 155 29
"833455579" "833455579" 49.46667 8.46667 "nat" 1973 "DE" 18 57 156 -36 551 70 27 32 198 85 187 113 70 24 7494 209 -74 283 143 -5
"833536909" "833536909" 49.9749 8.04144 "nat" 1990 "DE" 14 79 160 7 569 62 32 20 175 101 162 132 54 24 6098 200 -20 220 155 24
"833536910" "833536910" 49.9749 8.29145 "nat" 1994 "DE" 49 32 142 -79 670 78 40 23 220 123 193 148 88 26 8467 202 -131 333 129 -30
"833536911" "833536911" 51.32496 12.29157 "nat" 2003 "DE" -1 82 162 8 556 61 30 21 175 100 166 120 61 26 6106 204 -22 226 155 29
"852031079" "852031079" 58.3015 12.3074 "nat" 2009 "SE" 1894 94 175 23 748 134 3 79 386 35 55 379 158 48 6119 276 -51 327 29 149
"852306577" "852306577" 58.2989 12.3061 "nat" 2009 "SE" 181 98 179 14 692 76 44 17 213 141 213 154 88 33 6409 243 -21 264 179 26
"852311815" "852311815" 58.3016 12.3079 "nat" 2009 "SE" 96 102 184 18 644 74 41 19 208 128 208 139 86 32 6456 247 -15 262 184 31
"852324546" "852324546" 58.3015 12.3074 "nat" 2009 "SE" 92 96 177 14 551 58 34 18 172 106 172 120 85 32 6317 239 -19 258 177 56
"852325946" "852325946" 58.3015 12.3074 "nat" 2009 "SE" 142 96 177 12 574 63 34 20 182 106 182 125 83 32 6415 238 -20 258 177 55
"855620108" "855620108" 58.6307 16.3336 "nat" 1954 "SE" 122 89 174 5 514 61 29 25 177 94 177 98 81 31 6597 233 -26 259 174 14
"859763858" "859763858" 58.2993 12.3058 "nat" 2013 "SE" 42 68 157 -17 759 84 40 24 248 128 207 169 67 26 6790 205 -49 254 76 12
"888950829" "888950829" 49.59264 -119.67031 "inv" 1980 "CA" 45 68 157 -17 762 85 40 25 249 128 207 171 67 26 6776 205 -49 254 76 12
"890523727" "890523727" 58.6314 16.3353 "nat" 1954 "SE" 42 68 157 -17 759 84 40 24 248 128 207 169 67 26 6790 205 -49 254 76 12
"895225083" "895225083" 39.39319 -1.83837 "nat" 2011 "ES" 42 68 157 -17 759 84 40 24 248 128 207 169 67 26 6790 205 -49 254 76 12
"895314727" "895314727" 40.9333 25.92 "nat" 1994 "GR" 42 68 157 -17 759 84 40 24 248 128 207 169 67 26 6790 205 -49 254 76 12
"918835864" "918835864" 50 -119 "inv" 1952 "CA" 45 68 157 -17 762 85 40 25 249 128 207 171 67 26 6776 205 -49 254 76 12
"918835897" "918835897" 49.43333 -119.65 "inv" 1979 "CA" 599 76 179 -27 299 33 17 22 90 56 89 78 116 33 8006 273 -76 349 158 31
"918836025" "918836025" 50.66667 -120.31667 "inv" 1971 "CA" 765 134 219 58 424 50 13 30 138 66 71 94 119 39 6336 307 4 303 116 219
"918836170" "918836170" 49.03333 -118.43333 "inv" 1940 "CA" 114 140 229 56 586 88 14 44 234 67 68 218 99 33 6826 303 10 293 72 227
"918836212" "918836212" 50 -119 "inv" 1947 "CA" 527 80 184 -29 310 34 17 23 96 57 88 87 119 32 8281 282 -81 363 -21 36
"918836676" "918836676" 49.03333 -118.43333 "inv" 1951 "CA" 1436 26 125 -70 483 54 30 18 143 93 134 132 102 31 7672 211 -117 328 -64 -20
"918837486" "918837486" 50.23333 -121.56667 "inv" 1972 "CA" 1185 43 145 -60 311 35 17 22 92 60 92 82 116 33 7966 237 -112 349 145 -2
"918837488" "918837488" 50.23333 -121.56667 "inv" 1972 "CA" 2043 3 99 -85 838 106 41 29 305 138 160 282 100 30 7372 190 -135 325 -79 98
"918837536" "918837536" 50 -119 "inv" 1947 "CA" 365 85 195 -28 306 34 13 27 96 48 96 85 113 30 8616 283 -83 366 195 39
"918837562" "918837562" 49.5 -119.58333 "inv" 1939 "CA" 513 78 185 -31 460 55 27 22 146 89 110 134 135 36 8341 290 -83 373 -23 135
"918837610" "918837610" 49.03333 -118.43333 "inv" 1939 "CA" 1436 26 125 -70 483 54 30 18 143 93 134 132 102 31 7672 211 -117 328 -64 -20
"918837808" "918837808" 49.51583 -119.57361 "inv" 1939 "CA" 513 78 185 -31 460 55 27 22 146 89 110 134 135 36 8341 290 -83 373 -23 135
"918838168" "918838168" 49.81667 -119.48333 "inv" 1951 "CA" 359 90 194 -16 485 75 21 48 215 66 68 193 99 29 8122 272 -59 331 -10 170
"918838213" "918838213" 50 -119 "inv" 1944 "CA" 359 90 194 -16 485 75 21 48 215 66 68 193 99 29 8122 272 -59 331 -10 170
"918838836" "918838836" 50.28333 -122.78333 "inv" 1981 "CA" 1436 26 125 -70 483 54 30 18 143 93 134 132 102 31 7672 211 -117 328 -64 -20
"918839030" "918839030" 49 -119 "inv" 1949 "CA" 390 88 191 -13 305 34 17 20 90 62 87 81 114 33 7883 283 -56 339 170 44
"918839116" "918839116" 49.6 -114.43333 "inv" 1977 "CA" 513 78 185 -31 460 55 27 22 146 89 110 134 135 36 8341 290 -83 373 -23 135
"918839129" "918839129" 50 -121 "inv" 1952 "CA" 442 86 189 -16 305 34 17 21 91 60 89 80 115 33 7932 282 -61 343 167 41
"918839141" "918839141" 50 -121 "inv" 1952 "CA" 381 82 186 -23 343 37 20 19 101 66 99 89 120 34 8067 280 -71 351 165 38
"918839143" "918839143" 50 -121 "inv" 1952 "CA" 1436 26 125 -70 483 54 30 18 143 93 134 132 102 31 7672 211 -117 328 -64 -20
"918839147" "918839147" 50.23333 -121.56667 "inv" 1952 "CA" 894 49 141 -42 878 131 37 46 377 124 124 338 98 30 7221 225 -98 323 -36 141
"918839170" "918839170" 49 -121 "inv" 1977 "CA" 1070 51 154 -52 373 42 23 21 110 77 103 98 123 34 8040 252 -105 357 92 6
"918839974" "918839974" 50 -121 "inv" 1952 "CA" 1287 32 133 -71 648 78 41 18 198 145 175 161 132 34 8005 231 -150 381 73 93
"918839980" "918839980" 49.03333 -118.43333 "inv" 1952 "CA" 901 55 155 -47 466 63 27 32 179 87 92 164 107 32 7823 237 -94 331 -39 54
"918840584" "918840584" 49 -119 "inv" 1950 "CA" 901 55 155 -47 466 63 27 32 179 87 92 164 107 32 7823 237 -94 331 -39 54
"918840792" "918840792" 50.25 -119.25 "inv" 1975 "CA" 901 55 155 -47 466 63 27 32 179 87 92 164 107 32 7823 237 -94 331 -39 54
"918840983" "918840983" 49.8 -124.6 "inv" 1997 "CA" 359 90 194 -16 485 75 21 48 215 66 68 193 99 29 8122 272 -59 331 -10 170
"918841363" "918841363" 49 -118 "inv" 1951 "CA" 1548 21 111 -68 903 140 36 47 395 122 122 363 104 33 7040 193 -115 308 -61 111
"918841407" "918841407" 49 -119 "inv" 1961 "CA" 901 55 155 -47 466 63 27 32 179 87 92 164 107 32 7823 237 -94 331 -39 54
"918841466" "918841466" 50.16667 -119.35 "inv" 1952 "CA" 513 78 185 -31 460 55 27 22 146 89 110 134 135 36 8341 290 -83 373 -23 135
"918841558" "918841558" 50 -119 "inv" 1958 "CA" 1070 51 154 -52 373 42 23 21 110 77 103 98 123 34 8040 252 -105 357 92 6
"918842478" "918842478" 49 -119 "inv" 1960 "CA" 502 70 175 -39 447 53 25 21 134 82 124 126 111 31 8293 265 -90 355 -29 25
"918842489" "918842489" 50.91667 -119.58333 "inv" 1976 "CA" 3 106 175 44 1140 167 40 48 482 138 138 426 74 33 5174 233 12 221 50 175
"918842530" "918842530" 49.08333 -119.25 "inv" 1976 "CA" 1206 49 153 -52 674 85 35 28 238 113 139 220 107 30 8064 245 -101 346 -46 148
"918842721" "918842721" 50 -121 "inv" 1972 "CA" 1070 51 154 -52 373 42 23 21 110 77 103 98 123 34 8040 252 -105 357 92 6
"918842884" "918842884" 50.71667 -121.31667 "inv" 1999 "CA" 389 76 182 -33 412 46 23 20 119 76 116 112 116 32 8285 275 -83 358 -23 32
"918842892" "918842892" 49 -119 "inv" 1976 "CA" 1436 26 125 -70 483 54 30 18 143 93 134 132 102 31 7672 211 -117 328 -64 -20
"918843079" "918843079" 49.03333 -118.43333 "inv" 1925 "CA" 1070 51 154 -52 373 42 23 21 110 77 103 98 123 34 8040 252 -105 357 92 6
"918843128" "918843128" 49.03333 -118.43333 "inv" 1940 "CA" 598 62 168 -47 528 60 29 20 160 96 146 148 112 31 8309 258 -100 358 -38 17
"918843156" "918843156" 49.03333 -118.43333 "inv" 1939 "CA" 1209 44 146 -58 349 39 20 20 101 72 97 93 119 33 7972 241 -111 352 123 -1
"918843205" "918843205" 50.16667 -119.35 "inv" 1952 "CA" 901 55 155 -47 466 63 27 32 179 87 92 164 107 32 7823 237 -94 331 -39 54
"918843255" "918843255" 49.03333 -118.43333 "inv" 1950 "CA" 476 81 187 -28 315 40 15 27 110 51 80 101 107 30 8357 269 -81 350 -21 82
"918843322" "918843322" 50.23333 -121.56667 "inv" 1971 "CA" 1070 51 154 -52 373 42 23 21 110 77 103 98 123 34 8040 252 -105 357 92 6
"918843342" "918843342" 50.23333 -121.56667 "inv" 1971 "CA" 513 78 185 -31 460 55 27 22 146 89 110 134 135 36 8341 290 -83 373 -23 135
"918843412" "918843412" 50.8 -121.6 "inv" 1978 "CA" 513 78 185 -31 460 55 27 22 146 89 110 134 135 36 8341 290 -83 373 -23 135
"918843496" "918843496" 50.75 -120.56667 "inv" 1974 "CA" 513 78 185 -31 460 55 27 22 146 89 110 134 135 36 8341 290 -83 373 -23 135
"918843500" "918843500" 50.28333 -121.75 "inv" 1949 "CA" 389 76 182 -33 412 46 23 20 119 76 116 112 116 32 8285 275 -83 358 -23 32
"918843525" "918843525" 50.28333 -121.75 "inv" 1949 "CA" 513 78 185 -31 460 55 27 22 146 89 110 134 135 36 8341 290 -83 373 -23 135
"918843736" "918843736" 50.23333 -121.56667 "inv" 1952 "CA" 359 90 194 -16 485 75 21 48 215 66 68 193 99 29 8122 272 -59 331 -10 170
"918843915" "918843915" 49.5 -119.66667 "inv" 1965 "CA" 359 90 194 -16 485 75 21 48 215 66 68 193 99 29 8122 272 -59 331 -10 170
"918843940" "918843940" 49.28333 -119.51667 "inv" 1968 "CA" 892 57 158 -46 361 43 18 24 120 63 96 111 106 31 7981 239 -101 340 -40 13
"918939121" "918939121" 49 -118 "inv" 1939 "CA" 611 72 179 -38 309 34 13 27 97 48 97 85 112 31 8406 266 -95 361 179 27
"918939127" "918939127" 49.51583 -119.57361 "inv" 1939 "CA" 499 81 182 -20 527 79 25 45 226 78 79 205 98 30 7863 260 -64 324 -15 159
"918939137" "918939137" 49.5 -119.58333 "inv" 1939 "CA" 499 81 182 -20 527 79 25 45 226 78 79 205 98 30 7863 260 -64 324 -15 159
"918939142" "918939142" 49.5 -119.58333 "inv" 1939 "CA" 359 90 194 -16 485 75 21 48 215 66 68 193 99 29 8122 272 -59 331 -10 170
"918965084" "918965084" 44.6922 -118.06294 "inv" 2009 "US" 954 56 159 -49 297 33 16 22 89 57 89 78 117 33 8057 252 -100 352 159 11
"918965849" "918965849" 40.15677 22.54818 "nat" 2008 "GR" 327 94 198 -11 297 33 16 21 88 61 81 84 116 33 8106 291 -57 348 -3 92
"918965851" "918965851" 40.85102 25.79317 "nat" 2008 "GR" 1206 49 153 -52 674 85 35 28 238 113 139 220 107 30 8064 245 -101 346 -46 148
"918965852" "918965852" 43.38222 28.45767 "nat" 2008 "BG" 442 86 189 -16 305 34 17 21 91 60 89 80 115 33 7932 282 -61 343 167 41
"918965856" "918965856" 47.642 18.78257 "nat" 2008 "HU" 390 88 191 -13 305 34 17 20 90 62 87 81 114 33 7883 283 -56 339 170 44
"918965857" "918965857" 41.75123 27.24788 "nat" 2008 "TR" 390 88 191 -13 305 34 17 20 90 62 87 81 114 33 7883 283 -56 339 170 44
"918965864" "918965864" 40.62162 23.07868 "nat" 2008 "GR" 1247 61 160 -37 401 53 16 33 148 61 77 135 156 40 7649 281 -102 383 -29 156
"920996089" "920996089" 44.05009 28.642 "nat" 2013 "RO" 176 106 200 3 573 69 33 23 182 107 178 121 91 29 7700 267 -40 307 185 20
"921001378" "921001378" 44.02146 28.57956 "nat" 2010 "RO" 253 130 221 39 612 77 25 30 217 88 100 194 105 34 7167 301 -5 306 56 217
"921004399" "921004399" 49.34568 8.64301 "nat" 2012 "DE" 492 131 224 39 490 58 24 25 159 81 92 140 100 32 7227 297 -8 305 55 220
"921008197" "921008197" 43.81359 28.5175 "nat" 2012 "RO" 5 119 213 23 424 45 28 13 118 89 110 100 70 25 7457 260 -20 280 85 28
"921010928" "921010928" 44.02146 28.57956 "nat" 2010 "RO" 115 103 185 18 666 79 42 21 219 131 219 140 86 32 6509 246 -17 263 185 30
"921011246" "921011246" 49.5509 8.50136 "nat" 2010 "DE" 2 121 214 26 448 49 30 14 129 95 113 108 70 25 7356 261 -16 277 88 31
"921011975" "921011975" 43.13851 3.1354 "nat" 2009 "FR" -1 119 213 24 429 46 28 14 121 90 110 102 70 25 7434 260 -18 278 86 28
"921013562" "921013562" 48.2672 12.69565 "nat" 2011 "DE" 1 120 213 24 436 47 29 14 123 92 112 104 71 25 7431 261 -19 280 86 29
"921018849" "921018849" 49.83898 8.56779 "nat" 2009 "DE" 106 103 185 19 669 79 43 20 219 132 219 141 86 32 6490 247 -16 263 185 31
"921019569" "921019569" 49.34568 8.64301 "nat" 2012 "DE" 13 120 213 27 460 51 31 14 134 98 114 112 71 25 7320 261 -16 277 88 31
"921020901" "921020901" 46.8891 20.44412 "nat" 2010 "HU" 1 120 213 24 436 47 29 14 123 92 112 104 71 25 7431 261 -19 280 86 29
"921022746" "921022746" 49.39665 8.68797 "nat" 2011 "DE" 106 100 183 17 639 73 41 19 207 126 207 137 87 33 6445 246 -16 262 183 29
"924817442" "924817442" 39.38553 -105.05917 "inv" 1963 "US" 458 80 166 -14 992 126 54 30 364 183 364 192 93 32 6993 230 -57 287 166 1
"924817466" "924817466" 44.89556 -85.41639 "inv" 1964 "US" 97 99 182 13 619 69 38 19 198 121 198 132 89 33 6578 247 -22 269 182 26
"924817534" "924817534" 44.89556 -85.41639 "inv" 1964 "US" 106 103 185 19 669 79 43 20 219 132 219 141 86 32 6490 247 -16 263 185 31
"BG001" "BG001" 43.3819444444444 28.4575 "nat" 2008 "BG" 81 107 203 0 528 71 28 27 182 90 173 106 100 31 7858 272 -47 319 188 19
"CA001" "CA001" 49.0149388888889 -122.882097222222 "inv" 2008 "CA" 115 103 185 18 666 79 42 21 219 131 219 140 86 32 6509 246 -17 263 185 30
"CA002" "CA002" 49.3499833333333 -119.923508333333 "inv" 2008 "CA" 106 103 185 19 669 79 43 20 219 132 219 141 86 32 6490 247 -16 263 185 31
"CA003" "CA003" 49.3499833333333 -119.923508333333 "inv" 2006 "CA" 2235 59 159 -33 460 69 11 50 186 44 186 44 179 44 7549 269 -129 398 159 -33
"CA004" "CA004" 50.8333333333333 -120.616666666667 "inv" 2008 "CA" 178 71 189 -55 797 102 36 25 260 136 227 148 113 29 9521 271 -116 387 145 -48
"CA005" "CA005" 49.5816416666667 -118.426277777778 "inv" 2008 "CA" 178 71 189 -55 797 102 36 25 260 136 227 148 113 29 9521 271 -116 387 145 -48
"CA006" "CA006" 49.3201805555556 -118.370436111111 "inv" 2008 "CA" 1894 94 175 23 748 134 3 79 386 35 55 379 158 48 6119 276 -51 327 29 149
"CA007" "CA007" 49.2961027777778 -118.473830555556 "inv" 2008 "CA" 849 104 194 21 509 93 9 64 251 41 45 238 170 46 6823 322 -41 363 24 192
"CA008" "CA008" 49.0120833333333 -118.645711111111 "inv" 2008 "CA" 1894 94 175 23 748 134 3 79 386 35 55 379 158 48 6119 276 -51 327 29 149
"CA009" "CA009" 49.2961027777778 -118.473830555556 "inv" 2010 "CA" 1185 98 180 27 1149 194 6 75 560 41 51 543 156 47 6183 295 -34 329 32 179
"CA010" "CA010" 49.3201805555556 -118.370436111111 "inv" 2010 "CA" 1293 76 165 -8 369 60 7 50 160 36 45 143 160 44 6814 283 -77 360 -3 164
"CA011" "CA011" 49.2961027777778 -118.473830555556 "inv" 2009 "CA" 24 122 161 85 1175 204 4 76 581 34 43 566 94 54 3006 215 41 174 89 158
"CA012" "CA012" 50.8333333333333 -120.616666666667 "inv" 2009 "CA" 1894 94 175 23 748 134 3 79 386 35 55 379 158 48 6119 276 -51 327 29 149
"CA013" "CA013" 49.3201805555556 -118.370436111111 "inv" 2009 "CA" 2155 56 138 -14 1146 201 11 73 550 51 57 549 136 44 6112 233 -75 308 -3 136
"CA014" "CA014" 49.3499833333333 -119.923508333333 "inv" 2009 "CA" 1778 82 166 11 1207 214 8 77 589 38 48 589 138 44 6234 264 -47 311 11 165
"GR001" "GR001" 40.1566666666667 22.5480555555556 "nat" 2008 "GR" 1231 97 178 25 857 160 3 75 428 25 25 428 154 46 6132 292 -37 329 25 178
"GR002" "GR002" 40.6213888888889 23.0786111111111 "nat" 2008 "GR" 1724 78 160 7 1498 272 8 78 743 46 51 743 143 45 6165 262 -55 317 7 159
"GR003" "GR003" 40.8508333333333 25.7930555555556 "nat" 2008 "GR" 2305 69 160 -11 275 43 10 45 113 38 40 113 143 42 6778 257 -80 337 -11 134
"HU001" "HU001" 47.6419444444444 18.7825 "nat" 2008 "HU" 1933 63 145 -11 890 166 10 73 445 45 48 445 149 45 6218 253 -74 327 -11 144
"RO001" "RO001" 44.1102777777778 28.6369444444444 "nat" 2008 "RO" 1070 102 182 25 1054 200 5 78 534 33 33 534 192 51 6203 324 -49 373 25 182
"RO002" "RO002" 43.9024333333333 28.5739166666667 "nat" 2005 "RO" 1691 87 181 1 339 53 11 50 143 40 40 143 174 46 7024 297 -79 376 1 181
"RO003" "RO003" 44.3896666666667 28.5266388888889 "nat" 2005 "RO" 1894 94 175 23 748 134 3 79 386 35 55 379 158 48 6119 276 -51 327 29 149
"RO004" "RO004" 45.5761833333333 29.51805 "nat" 2005 "RO" 1894 94 175 23 748 134 3 79 386 35 55 379 158 48 6119 276 -51 327 29 149
"RO005" "RO005" 45.4978611111111 27.9118055555556 "nat" 2005 "RO" 1231 97 178 25 857 160 3 75 428 25 25 428 154 46 6132 292 -37 329 25 178
"RU001" "RU001" 51.38333333 56.8 "nat" 2006 "RU" 1894 94 175 23 748 134 3 79 386 35 55 379 158 48 6119 276 -51 327 29 149
"RU002" "RU002" 49.1791667 53.2422611 "nat" 2006 "RU" 1894 94 175 23 748 134 3 79 386 35 55 379 158 48 6119 276 -51 327 29 149
"RU003" "RU003" 38.1625 54.8 "nat" 2006 "RU" 1894 94 175 23 748 134 3 79 386 35 55 379 158 48 6119 276 -51 327 29 149
"RU004" "RU004" 60.16666667 55.01666667 "nat" 2006 "RU" 2032 86 166 16 719 128 3 78 368 36 39 362 157 48 6000 266 -58 324 22 140
"RU005" "RU005" 49.1876667 53.2534694 "nat" 2006 "RU" 399 133 180 90 410 78 1 87 218 4 9 215 164 62 3603 277 13 264 94 177
"RU006" "RU006" 44.13999722 44.02 "nat" 2006 "RU" 1050 127 214 53 947 171 3 81 476 18 25 476 152 45 6474 322 -11 333 53 213
"RU007" "RU007" 45.3258333333333 37.2236111111111 "nat" 2001 "RU" 1497 98 182 27 1317 234 6 79 645 32 43 645 137 44 6272 281 -29 310 27 181
"RU008" "RU008" 44.05 43.06000278 "nat" 2006 "RU" 1458 102 185 28 1081 191 8 75 525 37 46 525 147 45 6267 288 -34 322 28 184
"TR001" "TR001" 41.7511111111111 27.2477777777778 "nat" 2008 "TR" 1208 123 207 55 1329 231 6 78 639 30 43 639 135 44 6156 303 0 303 55 204
"TR002" "TR002" 41.0123777777778 28.975925 "nat" 2006 "TR" 1055 126 212 53 1030 187 3 82 520 19 23 520 148 45 6382 317 -6 323 53 210
"TR003" "TR003" 38.7672222222222 37.0038888888889 "nat" 2002 "TR" 39 122 159 87 1361 254 3 81 698 28 39 698 92 53 2850 213 41 172 87 155
"TR004" "TR004" 38.3672222222222 42.7736111111111 "nat" 2002 "TR" 1055 126 212 53 1030 187 3 82 520 19 23 520 148 45 6382 317 -6 323 53 210
"TR005" "TR005" 39.7825 41.0736111111111 "nat" 2002 "TR" 1575 95 187 12 408 68 10 59 183 37 37 183 171 46 6869 304 -65 369 12 187
"UA001" "UA001" 48.1006666666667 37.8161111111111 "nat" 2006 "UA" 2477 41 123 -26 1214 205 14 70 572 62 67 563 129 43 6046 209 -88 297 -15 121
"UA002" "UA002" 48.1523333333333 37.8405833333333 "nat" 2006 "UA" 987 130 218 55 917 166 3 81 461 17 24 461 154 45 6514 326 -9 335 55 216
"UA003" "UA003" 50.48075 30.4863055555556 "nat" 2006 "UA" 175 81 203 -49 748 96 30 28 241 115 223 115 108 27 9740 282 -105 387 193 -49
"UA004" "UA004" 48.6460277777778 30.7750833333333 "nat" 2006 "UA" 97 99 182 13 619 69 38 19 198 121 198 132 89 33 6578 247 -22 269 182 26
"UA005" "UA005" 47.862 38.4606944444444 "nat" 2006 "UA" 16 120 212 25 448 49 30 13 129 96 112 109 70 25 7334 259 -17 276 87 29
"UA006" "UA006" 45.7083333333333 33.3497222222222 "nat" 2002 "UA" 47 96 213 -27 1138 103 79 7 299 259 288 263 121 31 9223 293 -92 385 143 -15
"UA007" "UA007" 48.0922222222222 30.7497222222222 "nat" 2001 "UA" 1590 87 197 -16 369 64 10 53 156 31 127 31 159 39 8311 298 -101 399 173 -16
"UA008" "UA008" 46.7572222222222 32.7661111111111 "nat" 2001 "UA" 1835 87 192 -9 432 67 13 43 168 46 145 46 160 41 7847 292 -95 387 167 -9
"US001" "US001" 45.6152333333333 -120.787533333333 "inv" 2008 "US" 1676 97 207 -5 429 67 13 42 163 48 139 48 161 40 8261 305 -95 400 181 -5
"US002" "US002" 46.1822666666667 -118.82615 "inv" 2008 "US" 1676 97 207 -5 429 67 13 42 163 48 139 48 161 40 8261 305 -95 400 181 -5
"US003" "US003" 46.60415 -116.64175 "inv" 2008 "US" 1966 79 185 -18 444 66 12 47 181 43 169 43 172 42 7926 291 -112 403 160 -18
"US004" "US004" 39.5303944444444 -118.185611111111 "inv" 2001 "US" 2040 77 183 -21 427 68 9 59 190 32 186 32 165 41 7998 285 -110 395 158 -21
"US005" "US005" 47.1949361111111 -119.061638888889 "inv" 2004 "US" 1919 83 189 -16 439 66 12 48 180 43 166 43 170 42 8002 294 -109 403 164 -16
"US006" "US006" 39.7028333333333 -105.324222222222 "inv" 2005 "US" 1702 95 205 -7 433 66 13 40 163 48 141 48 163 40 8241 304 -98 402 178 -7
"US007" "US007" 39.6966666666667 -104.807583333333 "inv" 2005 "US" 1676 97 207 -5 429 67 13 42 163 48 139 48 161 40 8261 305 -95 400 181 -5
"US008" "US008" 45.9163333333333 -118.441166666667 "inv" 2005 "US" 1676 97 207 -5 429 67 13 42 163 48 139 48 161 40 8261 305 -95 400 181 -5
"US009" "US009" 45.60475 -120.816027777778 "inv" 2005 "US" 1676 97 207 -5 429 67 13 42 163 48 139 48 161 40 8261 305 -95 400 181 -5
"US010" "US010" 43.8371388888889 -105.125388888889 "inv" 2005 "US" 1895 84 192 -16 433 64 12 48 178 42 168 42 172 42 8114 297 -111 408 166 -16
"US011" "US011" 43.3855277777778 -106.937333333333 "inv" 2005 "US" 2013 76 182 -21 438 66 11 52 182 39 180 39 174 43 7913 288 -116 404 157 -21
"US012" "US012" 40.5281527777778 -104.848788888889 "inv" 2001 "US" 1609 101 213 -3 394 67 12 50 165 41 138 41 153 38 8424 309 -86 395 186 -3
"US013" "US013" 40.5612027777778 -104.865452777778 "inv" 2002 "US" 1662 99 210 -4 409 69 13 49 174 42 149 42 154 38 8375 308 -87 395 184 -4
"US014" "US014" 40.1222666666667 -101.280283333333 "inv" 2002 "US" 2447 42 141 -50 427 55 19 36 154 61 151 61 158 42 7461 246 -125 371 117 -50
"US015" "US015" 42.7253611111111 -118.001033333333 "inv" 2002 "US" 2405 47 144 -43 469 61 17 38 170 60 168 60 168 44 7336 250 -130 380 121 -43
"US016" "US016" 46.8681166666667 -109.066486111111 "inv" 2002 "US" 2272 50 154 -44 383 57 12 49 160 39 145 39 149 40 7791 256 -115 371 128 -44
"US017" "US017" 40.4211055555556 -122.555069444444 "inv" 2002 "US" 1633 101 212 -2 404 68 13 48 168 43 141 43 152 38 8403 308 -85 393 186 -2
"US018" "US018" 43.5467722222222 -118.913991666667 "inv" 2002 "US" 2423 45 143 -45 468 67 14 44 181 52 181 52 174 44 7370 251 -137 388 143 -45
"US019" "US019" 40.8023416666667 -104.409911111111 "inv" 2002 "US" 1993 78 183 -19 446 66 12 48 183 43 171 43 171 42 7908 289 -113 402 158 -19
"US020" "US020" 46.9839888888889 -119.580186111111 "inv" 2002 "US" 1528 102 215 -5 379 65 12 49 158 38 130 38 156 38 8577 314 -91 405 190 -5
"US021" "US021" 46.617 -110.092138888889 "inv" 2002 "US" 1860 85 192 -14 442 65 12 45 174 46 161 46 172 42 8030 298 -109 407 167 -14
"US022" "US022" 45.74515 -119.784683333333 "inv" 2002 "US" 45 70 159 -13 749 91 38 26 253 131 210 149 52 21 6791 198 -43 241 122 10
"US024" "US024" 34.8557 -110.235983333333 "inv" 2003 "US" 1575 95 187 12 408 68 10 59 183 37 37 183 171 46 6869 304 -65 369 12 187
"US025" "US025" 46.8530555555556 -115.59 "inv" 2002 "US" 154 95 170 18 650 67 40 16 196 127 196 157 80 33 5943 227 -13 240 170 55
"US026" "US026" 40.3719055555556 -104.472561111111 "inv" 2002 "US" 2305 69 160 -11 275 43 10 45 113 38 40 113 143 42 6778 257 -80 337 -11 134
