"Pop" "Latitude" "Longitude" "Origin" "year" "countryCode" "alt" "bio1" "bio10" "bio11" "bio12" "bio13" "bio14" "bio15" "bio16" "bio17" "bio18" "bio19" "bio2" "bio3" "bio4" "bio5" "bio6" "bio7" "bio8" "bio9" "PC1" "PC2" "PC3"
"1020763351" "1020763351" 34.21139 -117.07667 "inv" 1994 "US" 61 121 211 31 519 60 35 17 160 112 120 135 72 26 7087 260 -11 271 91 62 1.66743007290218 0.98041647905233 2.41014378884498
"1020831584" "1020831584" 34.21139 -117.07667 "inv" 1994 "US" 1918 4 100 -90 391 44 22 20 117 77 109 107 106 32 7466 186 -140 326 -83 -43 1.53902084431917 -3.97359508971235 -3.71433835230913
"1020861541" "1020861541" 40.56688549 -122.6107213 "inv" 1972 "US" 1918 4 100 -90 391 44 22 20 117 77 109 107 106 32 7466 186 -140 326 -83 -43 1.65346868808999 -3.87336456803658 -3.64513270295424
"1020861615" "1020861615" 41.94897027 -121.9325265 "inv" 1967 "US" 995 50 152 -54 358 39 17 25 112 58 112 95 109 31 7998 235 -110 345 152 6 0.854723216060562 -2.82799569073458 -0.450450306409478
"1021134661" "1021134661" 40.88676798 -123.9946583 "inv" 1999 "US" 1288 37 137 -60 577 67 38 19 181 117 147 166 104 31 7760 226 -106 332 -53 -10 1.96914644743301 -2.08230748912313 -2.35703858318792
"1021149568" "1021149568" 34.21167 -117.07667 "inv" 1999 "US" 935 57 160 -45 561 67 34 21 180 114 136 166 115 33 8008 255 -93 348 -38 154 0.56997842985476 -1.49411431254307 -1.28603964930695
"1021364997" "1021364997" 38.35914671 -120.1981343 "inv" 2002 "US" 1308 39 141 -61 455 52 28 22 139 94 118 127 116 33 7893 236 -112 348 -54 -6 0.919855078951572 -2.78535949626168 -1.93787554663482
"1021517622" "1021517622" 40.07850263 -121.5847901 "inv" 2000 "US" 599 73 178 -33 501 59 31 21 158 101 123 145 124 34 8165 277 -82 359 -25 130 0.0692720126098681 -1.39353040508726 -0.141768953187705
"1021662257" "1021662257" 39.31202515 -120.5475551 "inv" 1998 "US" 935 57 160 -45 561 67 34 21 180 114 136 166 115 33 8008 255 -93 348 -38 154 0.661824085366809 -1.4136782146463 -1.2305013532525
"1021720776" "1021720776" 37.13717 -118.05363 "inv" 1988 "US" 599 73 178 -33 501 59 31 21 158 101 123 145 124 34 8165 277 -82 359 -25 130 0.0163053827309018 -1.43991723745788 -0.173797429165411
"1021741158" "1021741158" 39.95601005 -120.9560736 "inv" 2000 "US" 935 57 160 -45 561 67 34 21 180 114 136 166 115 33 8008 255 -93 348 -38 154 0.673420770997683 -1.40352213120955 -1.22348893490536
"1021763504" "1021763504" 38.54064888 -119.4565192 "inv" 2000 "US" 1918 4 100 -90 391 44 22 20 117 77 109 107 106 32 7466 186 -140 326 -83 -43 1.61698083103009 -3.90531970871419 -3.6671966034892
"1021824609" "1021824609" 34.21167 -117.07667 "inv" 1999 "US" 492 131 224 39 490 58 24 25 159 81 92 140 100 32 7227 297 -8 305 55 220 -0.842386094093506 1.09938625143246 2.66777518478358
"1021947032" "1021947032" 34.21167 -117.07667 "inv" 1999 "US" 176 106 200 3 573 69 33 23 182 107 178 121 91 29 7700 267 -40 307 185 20 1.64362910941569 0.0449041806450875 1.66487196684245
"1021948581" "1021948581" 34.2115 -117.07683 "inv" 1994 "US" 5 119 213 23 424 45 28 13 118 89 110 100 70 25 7457 260 -20 280 85 28 1.48123670682657 0.114086277549149 2.74953622922681
"1021986510" "1021986510" 34.21167 -117.07667 "inv" 1999 "US" 2 121 213 26 448 49 30 14 129 95 113 108 71 25 7361 261 -17 278 88 30 1.5492039953658 0.346043798700034 2.71558307180105
"1022124251" "1022124251" 34.2 -117.06667 "inv" 1999 "US" 18 116 213 16 418 46 27 15 123 85 116 94 75 25 7690 265 -27 292 193 23 1.50097149633397 -0.161521642107722 2.92216567498454
"1022182581" "1022182581" 37.47389 -119.75944 "inv" 2008 "US" 81 107 211 -7 483 68 27 29 171 88 163 95 95 28 8514 278 -54 332 195 6 1.06008830856382 -0.666520029865189 2.02391269046999
"1022393412" "1022393412" 38.31154707 -120.2766356 "inv" 2001 "US" 134 44 205 -129 342 39 19 20 106 62 106 72 116 24 13191 291 -189 480 205 -117 0.540871175652203 -6.50802522053403 0.226986374224425
"1022454156" "1022454156" 38.51734129 -120.4728428 "inv" 2000 "US" 41 174 285 61 200 30 3 54 79 12 12 74 119 33 8804 356 1 355 71 285 -4.18843573799121 0.554531541504011 5.60230296642573
"1022527660" "1022527660" 37.78965918 -120.1400258 "inv" 2002 "US" 141 9 158 -142 662 80 29 29 221 98 221 126 86 19 11565 233 -199 432 158 -61 2.90411487829974 -5.00352130989161 -2.45074599671456
"1022527929" "1022527929" 37.78965918 -120.1400258 "inv" 2002 "US" 224 100 219 -21 508 77 23 40 202 74 196 76 101 28 9354 290 -68 358 200 -11 0.587461902694244 -1.22251833440173 1.716601213237
"1022589258" "1022589258" 37.47389 -119.74278 "inv" 2008 "US" 253 130 221 39 612 77 25 30 217 88 100 194 105 34 7167 301 -5 306 56 217 -0.858178463660012 1.82641996082004 2.19404670245175
"1030499212" "1030499212" 43.6 -83.71667 "inv" 1979 "US" 6 144 225 65 726 120 23 48 308 83 83 235 75 30 6308 279 33 246 88 225 -0.331472745953246 4.15151326723431 2.29639545251701
"1038571715" "1038571715" 43.91919 28.62956 "nat" 2014 "RO" 2066 78 187 -27 647 97 6 57 251 24 24 201 100 29 8450 267 -76 343 7 187 -2.0763839453165 -0.482638876923306 -1.0623747311245
"1038960818" "1038960818" 41.9945 -72.6788 "inv" 1925 "US" 2031 59 169 -57 539 81 15 43 208 55 55 123 115 30 8850 262 -116 378 44 169 -1.21404449098213 -2.20289195871246 -1.47599546025604
"1041320145" "1041320145" 39.46236 -104.92622 "inv" 2012 "US" 87 90 214 -39 522 61 30 21 161 107 158 137 83 23 9942 275 -81 356 198 19 1.73392459556177 -1.71663048854786 1.59405650290689
"1041320850" "1041320850" 39.31706 -104.63886 "inv" 2012 "US" 52 110 214 10 419 43 27 15 118 88 118 106 93 29 8001 283 -34 317 214 47 0.987467675907804 -0.423356777472388 2.88595046169763
"1041346521" "1041346521" 39.49345 -105.09272 "inv" 1999 "US" 0 101 217 -13 428 51 25 21 138 85 133 96 89 26 9017 284 -57 341 197 -8 1.13145083558785 -1.28227917312404 2.42500586265963
"1041352458" "1041352458" 39.5478 -105.09638 "inv" 1981 "US" 342 103 196 14 294 50 5 60 143 26 28 128 135 39 7155 303 -38 341 18 193 -3.03107467709357 -0.0703551623381683 1.55320775030423
"1041354053" "1041354053" 39.5478 -105.09638 "inv" 1981 "US" 682 88 183 -3 620 73 24 30 216 87 100 202 129 37 7241 291 -51 342 3 179 -0.949114071957177 0.23111779480819 0.0695430269353193
"1041356244" "1041356244" 39.25406 -104.88854 "inv" 1973 "US" 470 96 201 -10 218 31 7 39 86 25 31 77 130 35 8233 304 -62 366 -5 196 -2.55612194802858 -1.64545490286413 1.79309513898412
"1041359104" "1041359104" 39.71404 -104.80303 "inv" 1991 "US" 1679 98 209 -4 410 69 13 50 175 42 150 42 155 39 8346 308 -89 397 183 -4 -1.98863170239929 -1.88944099359825 0.954894415710764
"1041359484" "1041359484" 40.35681 -105.59448 "inv" 1991 "US" 432 109 206 18 449 58 12 39 171 50 57 154 128 37 7316 311 -32 343 23 201 -2.22102196424942 0.320696319117397 1.69495008807097
"1041359776" "1041359776" 39.76994 -105.35325 "inv" 1995 "US" 362 102 195 12 300 51 6 58 145 27 29 131 136 40 7127 301 -39 340 17 191 -2.98373703907194 -0.0720960501222182 1.45444047801642
"1041365556" "1041365556" 40.98352 -105.40019 "inv" 2000 "US" 1422 69 196 -55 348 65 9 60 165 31 131 31 155 35 9670 307 -134 441 166 -55 -1.96046858897575 -3.75192200227695 -0.0118751525113731
"1041369992" "1041369992" 39.75659 -104.85655 "inv" 2008 "US" 1892 54 174 -58 332 56 14 46 143 43 96 43 153 36 9014 283 -139 422 93 -58 -1.50743851224542 -4.01521852959116 -0.949456582437847
"1041371994" "1041371994" 39.47672 -104.92311 "inv" 1961 "US" 1517 91 205 -17 357 63 8 57 159 27 130 27 161 39 8632 307 -105 412 181 -17 -2.40170696545349 -2.5396398569288 0.791268219573646
"1041738328" "1041738328" 58.1286 8.05735 "nat" 1905 "NO" 241 162 253 78 1024 195 5 80 514 29 29 512 147 42 6979 364 19 345 83 253 -4.7066698183859 5.90668742490969 1.07059319236268
"1042743326" "1042743326" 38.80778 -119.77778 "inv" 2008 "US" 1258 70 170 -27 285 34 11 32 99 39 46 97 160 41 7662 290 -92 382 -21 165 -2.54426223152063 -2.37064116406862 -0.0639255354954394
"1045038462" "1045038462" 49.9775 6.96028 "nat" 1997 "DE" 1558 86 203 -25 359 62 6 67 178 22 156 22 171 39 8842 313 -115 428 176 -25 -2.50630808987186 -2.68735889344482 0.582470079884587
"125533543" "125533543" 39.27083 -103.70972 "inv" 2000 "US" 1720 45 148 -51 457 78 15 52 203 57 171 57 145 39 7778 249 -122 371 122 -51 -0.409824222732025 -2.67124071934096 -1.87190416173998
"126128843" "126128843" 47.09847 -120.6983 "inv" 2006 "US" 1530 93 212 -20 390 70 7 69 195 24 182 24 170 39 8992 316 -111 427 185 -20 -2.52241167715952 -2.42914347282179 0.742165183314042
"164347451" "164347451" 45.71167 -121.655 "inv" 2005 "US" 4 71 161 -12 746 90 38 27 252 128 211 148 53 21 6791 201 -43 244 123 12 4.16114908304907 0.999685776020614 -0.186941434130414
"164347462" "164347462" 46.23833 -119.05833 "inv" 2005 "US" 21 74 147 7 1271 161 58 32 451 194 271 296 46 22 5574 181 -21 202 87 91 5.4694218365879 4.27949129796849 -2.20269543639432
"164347463" "164347463" 46.25667 -118.84667 "inv" 2005 "US" 11 74 147 6 1267 160 58 31 449 196 274 291 47 22 5626 183 -22 205 88 92 5.48110223951372 4.20038985221278 -2.16835529297708
"164347464" "164347464" 47.77167 -120.97167 "inv" 2005 "US" 11 74 147 6 1267 160 58 31 449 196 274 291 47 22 5626 183 -22 205 88 92 5.50838390206633 4.22428244100899 -2.15185830089556
"174504460" "174504460" 36.87892 -104.39634 "inv" 1991 "US" 1152 58 151 -37 433 47 20 23 131 75 93 119 152 41 7302 272 -97 369 -29 148 -1.18307646780609 -2.06593202323534 -1.03303649089095
"176910247" "176910247" 38.31639 -103.34917 "inv" 2000 "US" 1915 16 108 -73 672 86 24 32 243 94 114 230 144 40 7089 222 -136 358 -63 106 -0.0987583030341011 -2.03435867364198 -4.40390058638749
"176910253" "176910253" 40.06444 -106.20583 "inv" 2004 "US" 591 100 189 19 337 41 9 34 116 39 49 104 138 41 6678 296 -37 333 23 186 -2.29498403054425 -0.228490254644245 1.56620464240878
"176910255" "176910255" 45.306 -85.095 "inv" 1995 "US" 1915 16 108 -73 672 86 24 32 243 94 114 230 144 40 7089 222 -136 358 -63 106 0.0271084833647976 -1.92412773134764 -4.32778999838558
"185840775" "185840775" 40.1886 -105.1803 "inv" NA "US" 80 113 182 51 1112 196 12 68 550 66 71 507 116 44 5155 273 10 263 55 180 -1.96975832733882 5.88740896864389 -1.6717948760404
"185840776" "185840776" 39.422 -104.9571 "inv" NA "US" 142 110 199 24 525 103 5 76 282 30 30 263 125 39 6888 295 -25 320 29 199 -3.0873378667391 1.90497590788563 0.610025737923895
"185840778" "185840778" 39.5001 -105.0537 "inv" NA "US" 1117 73 138 20 1346 236 10 71 674 61 75 616 123 48 4761 231 -25 256 24 136 -1.78033373152955 5.86314172705815 -5.12672586337444
"185840779" "185840779" 39.6467 -105.1551 "inv" NA "US" 994 82 165 7 235 33 10 38 93 33 45 84 162 47 6210 288 -55 343 11 162 -2.7342125267619 -1.03045974562415 0.612258236463637
"185840781" "185840781" 40.2669 -105.539 "inv" NA "US" 1448 58 157 -40 326 41 13 31 116 47 57 107 162 41 7615 279 -109 388 -32 152 -2.1897719175925 -2.64633741043608 -0.916938810076647
"185841619" "185841619" 40.1829 -105.3288 "inv" NA "US" 842 94 190 5 498 61 15 34 174 61 75 162 138 38 7251 305 -49 354 12 186 -1.95502676999312 -0.189049470837148 0.723426242058382
"185841718" "185841718" 40.0129 -105.2967 "inv" NA "US" 555 95 182 12 509 82 9 56 234 46 47 216 143 42 6657 293 -40 333 17 180 -2.66350030615369 0.848613715636327 0.167382946615
"185841761" "185841761" 40.23667 -105.31972 "inv" NA "US" 555 95 182 12 509 82 9 56 234 46 47 216 143 42 6657 293 -40 333 17 180 -2.65947072356003 0.852142721969614 0.169819601346407
"185841852" "185841852" 40.42973 -105.34095 "inv" NA "US" 696 89 180 3 320 46 9 46 136 36 39 121 125 38 6933 280 -46 326 8 179 -2.0553181398535 -0.420619670377031 0.877295728449923
"199563808" "199563808" 49.64 6.14 "nat" 1949 "LU" 81 118 212 28 367 77 4 78 203 22 22 187 125 37 7233 308 -24 332 32 212 -3.21358201101698 1.31556098937366 1.86956755659715
"20713174" "20713174" 59.18695 10.95151 "nat" 1905 "NO" 559 90 177 6 470 78 8 57 219 41 42 205 140 42 6704 288 -45 333 10 175 -2.28761725816976 0.848765626362816 0.253400498342043
"20713176" "20713176" 58.15342 7.97459 "nat" 1893 "NO" 887 72 167 -18 769 105 25 39 303 96 111 285 127 37 7219 275 -66 341 -12 162 -0.36518777698053 0.938705483666105 -1.38683653880453
"20713178" "20713178" 58.14798 7.96796 "nat" 1893 "NO" 1772 100 218 -16 306 34 14 21 96 62 76 66 151 36 9042 321 -95 416 168 143 -1.87706845428685 -2.4266996288193 1.97327021555674
"20713180" "20713180" 58.24846 7.95311 "nat" 1897 "NO" 1381 101 197 12 223 36 8 47 93 27 28 93 176 45 7231 320 -66 386 12 192 -3.69509014097158 -1.07461188945008 1.4504553267352
"20713184" "20713184" 58.24846 7.95311 "nat" 1897 "NO" 1381 101 197 12 223 36 8 47 93 27 28 93 176 45 7231 320 -66 386 12 192 -3.69509014097158 -1.07461188945008 1.4504553267352
"214388591" "214388591" 40.93 25.92 "nat" NA "GR" 1512 78 196 -40 525 56 20 25 163 83 83 146 144 34 9069 307 -106 413 69 196 -1.62256130184595 -2.21331470509046 0.0326630062379415
"216492645" "216492645" 39.1 -104.8 "inv" 1997 "US" 1888 50 152 -47 334 39 16 27 107 54 66 96 178 43 7728 283 -130 413 -36 148 -2.40566086135941 -3.33536782839401 -1.45881564322117
"216492967" "216492967" 39.632 -105.187 "inv" 1999 "US" 1937 91 172 21 733 131 3 78 378 35 36 371 158 48 6071 273 -54 327 27 147 -3.84201417659969 2.05280186091715 -2.20384357617448
"216492980" "216492980" 49.5 -119.7 "inv" 1965 "CA" 1448 58 157 -40 326 41 13 31 116 47 57 107 162 41 7615 279 -109 388 -32 152 -2.02350504068525 -2.50072509253881 -0.816398626850327
"216492992" "216492992" 38.594 -109.29 "inv" 1999 "US" 2311 55 163 -55 412 45 23 18 129 88 111 88 179 41 8475 277 -154 431 157 95 -1.27658010356343 -3.83880601182643 -1.24332978807556
"216492996" "216492996" 45.701 -121.457 "inv" 1987 "US" 587 75 171 -20 824 163 12 78 457 55 55 420 135 38 7473 276 -72 348 -15 171 -2.41131745477932 2.02914790161791 -2.67826716216952
"216493000" "216493000" 39.4203 -104.8882 "inv" 2000 "US" 174 114 224 4 169 29 5 45 73 22 24 65 131 35 8529 320 -50 370 10 216 -3.09562546470708 -1.31283572599039 2.86878042926233
"216493108" "216493108" 38.587 -109.26 "inv" 1985 "US" 700 73 181 -39 351 44 16 28 122 56 72 116 130 34 8590 278 -100 378 -32 177 -1.35243161926812 -2.28175924303727 0.109365096816455
"216493110" "216493110" 43.206 -114.656 "inv" 1990 "US" 545 90 192 -9 449 62 17 38 177 59 71 161 122 34 7868 294 -55 349 -4 187 -1.44218360740826 -0.419175387771706 0.748168415616795
"216493128" "216493128" 41.906 -118.964 "inv" 1978 "US" 331 98 199 -2 208 33 6 46 91 25 30 84 143 39 7833 304 -60 364 2 193 -2.91066759660433 -1.27369604297715 1.77649250405482
"216493162" "216493162" 41.39 -82.551 "inv" 1998 "US" 942 61 166 -46 412 68 11 52 190 47 53 171 122 33 8299 265 -98 363 -39 163 -1.59771859633048 -1.64315006442946 -1.06096912551992
"216493443" "216493443" 41.506 -111.318 "inv" 2008 "US" 1448 58 157 -40 326 41 13 31 116 47 57 107 162 41 7615 279 -109 388 -32 152 -2.16745857893314 -2.62679595381733 -0.903446121701591
"217906593" "217906593" 38.1 -3.1 "nat" NA "ES" 421 90 188 -8 256 42 6 53 118 27 32 109 141 39 7621 292 -64 356 -3 183 -2.82075254386672 -1.14177471722963 1.01680310737497
"217911152" "217911152" 38.1 -3.1 "nat" 1979 "ES" 1658 86 201 -24 365 66 8 69 180 24 174 24 167 39 8762 306 -113 419 175 -24 -2.48946107530355 -2.72186722441848 0.313792238973274
"217911153" "217911153" 38.1 -3.1 "nat" NA "ES" 1084 45 151 -65 475 76 21 45 206 71 77 190 130 34 8413 250 -124 374 -57 146 -0.908292378119225 -2.17045989243497 -2.22986004051019
"217911776" "217911776" 38.1 -3.1 "nat" 1979 "ES" 511 82 180 -17 363 63 8 59 176 36 39 160 137 38 7690 282 -73 355 -12 176 -2.55331916433868 -0.818104402321511 0.0455680977429989
"217911777" "217911777" 38.1 -3.1 "nat" NA "ES" 1043 52 148 -43 765 135 15 64 380 69 70 349 115 34 7481 240 -91 331 -37 146 -1.07473559548137 0.569416750325434 -3.33868266845373
"224897443" "224897443" 39 -120 "inv" NA "US" 741 74 178 -26 624 88 24 39 251 83 98 226 127 35 7957 284 -74 358 -20 171 -1.0006103582143 -0.307133705833602 -0.855138238025593
"224897455" "224897455" 39 -120 "inv" NA "US" 67 97 154 42 583 88 18 46 247 72 72 226 89 41 4454 220 6 214 45 154 0.111501134929932 3.08493789232633 0.110477023253312
"224897458" "224897458" 40 -121 "inv" NA "US" 221 107 216 -6 261 45 6 55 122 28 33 111 122 33 8606 310 -55 365 2 210 -2.7872602925688 -0.979069750836883 2.04352210903658
"224897484" "224897484" 38 -120 "inv" NA "US" 127 120 221 21 211 31 5 43 86 24 27 78 130 37 7748 320 -29 349 26 214 -3.02766140138156 -0.500646544929356 3.04857696993992
"224897506" "224897506" 42 -123 "inv" NA "US" 143 119 219 20 245 36 6 42 98 28 31 88 131 37 7717 319 -29 348 26 213 -2.85084636254791 -0.323884572430813 2.91179813044455
"224897562" "224897562" 41 -123 "inv" NA "US" 832 59 147 -25 1365 248 23 70 704 98 98 649 114 37 6768 239 -69 308 -20 147 -0.746203201518326 4.55690389881951 -5.75436570054622
"224897637" "224897637" 39 -120 "inv" NA "US" 1658 86 201 -24 365 66 8 69 180 24 174 24 167 39 8762 306 -113 419 175 -24 -2.47325414705448 -2.70767360731182 0.323592432289028
"224897648" "224897648" 40 -124 "inv" NA "US" 2281 37 150 -82 376 42 20 22 120 70 119 70 178 40 8923 266 -171 437 142 -82 -0.715341059224765 -5.0455514826362 -1.9658247073117
"224897649" "224897649" 38 -120 "inv" NA "US" 188 68 185 -56 798 101 34 25 263 134 225 146 109 28 9442 263 -121 384 143 -50 2.12175495836609 -1.70059004413124 -0.814766725239998
"224897650" "224897650" 38 -120 "inv" NA "US" 1182 39 143 -68 571 95 23 50 259 80 82 238 127 34 8220 241 -125 366 -60 139 -0.674168195711978 -1.65350933470231 -3.03993814993489
"224897657" "224897657" 37 -120 "inv" NA "US" 1552 95 205 -12 383 65 12 48 158 39 120 39 162 39 8445 308 -101 409 136 -12 -2.29651051929285 -2.37652584153235 0.715113976705655
"224897790" "224897790" 34 -117 "inv" NA "US" 1719 94 203 -5 424 66 13 42 163 46 139 46 159 40 8093 300 -92 392 176 -5 -1.94225778856836 -2.05281902173381 0.691688161463702
"224897791" "224897791" 34 -117 "inv" NA "US" 2719 25 122 -64 523 59 30 24 166 97 163 97 155 42 7344 226 -140 366 99 -64 0.545569359163069 -3.49032839483865 -3.24818681132678
"224897939" "224897939" 34 -117 "inv" NA "US" 2147 65 164 -24 418 61 13 45 165 44 152 44 157 42 7378 266 -102 368 140 -24 -1.36411961274853 -2.44578072935168 -0.907193695460803
"296440620" "296440620" 40.261 29.829 "nat" 1988 "TR" 1616 79 196 -30 392 68 6 69 200 24 177 24 169 40 8806 306 -116 422 169 -30 -2.478635545493 -2.77256428868184 0.0105180719726496
"306598310" "306598310" 50.15948 -5.5707 "nat" 1888 "GB" 1659 96 201 -1 427 68 14 42 167 48 130 48 156 40 7925 300 -85 385 132 -1 -1.67070166490516 -1.55217561516716 0.812346570797008
"307501201" "307501201" 53.61637 -0.11009 "nat" 1969 "GB" 1832 82 185 -15 408 65 13 45 161 42 136 42 158 41 7808 287 -97 384 161 -15 -1.42995367684309 -1.95255247904933 0.237158328791834
"318053388" "318053388" 43.66583 -118.59 "inv" 2003 "US" 1967 73 175 -21 394 62 11 48 161 38 141 38 155 41 7673 278 -99 377 151 -21 -1.50520216877566 -2.27619493435648 -0.278188543314764
"318053389" "318053389" 43.66583 -118.59 "inv" 2003 "US" 237 94 170 19 807 77 55 9 222 177 208 201 80 33 5884 230 -9 239 55 55 3.66225904223062 2.10563710292313 0.286815975880387
"319555388" "319555388" 39.42 -104.88 "inv" 2000 "US" 237 94 170 19 807 77 55 9 222 177 208 201 80 33 5884 230 -9 239 55 55 3.58580141759977 2.03867745256759 0.240582692785023
"319555389" "319555389" 39.62 -105.18 "inv" 1999 "US" 1944 99 203 -4 321 61 13 56 152 42 140 42 174 43 8046 304 -95 399 195 -4 -2.51088002615534 -2.12182002207259 0.786695624650138
"319555393" "319555393" 39.7 -105.68 "inv" 2000 "US" 2270 59 162 -36 466 77 10 59 207 38 207 38 167 42 7735 265 -125 390 162 -36 -1.4441634248019 -2.65138552205094 -1.52501997190552
"319555687" "319555687" 40.19 -105.1 "inv" 2002 "US" 1855 85 190 -11 437 66 13 42 168 48 148 48 166 42 7847 292 -102 394 164 -11 -1.79261376540383 -2.14542070500779 0.132738059386364
"325519741" "325519741" 49.99 6 "nat" NA "LU" 2596 32 132 -64 466 55 26 25 152 83 152 83 166 42 7652 239 -149 388 132 -64 0.24574337025969 -3.62582994342542 -2.55431738024525
"325519755" "325519755" 49.64 6.13 "nat" 1949 "LU" 1338 34 135 -67 318 35 17 22 96 61 96 82 114 33 7873 226 -119 345 135 -11 1.03333918269674 -3.30625201950971 -1.09121154396012
"325519760" "325519760" 49.64 6.13 "nat" 1949 "LU" 118 119 227 13 176 29 5 47 76 22 24 68 134 36 8307 326 -40 366 18 219 -3.07936778686238 -0.804667104163169 3.22750380608295
"367026492" "367026492" 48.18222 16.39556 "nat" 2010 "AT" 1841 88 196 -13 434 66 12 47 177 43 162 43 170 41 8156 301 -107 408 171 -13 -1.87878178323093 -2.19189002601017 0.346807594026572
"415904179" "415904179" 42.26666 -71.8 "inv" 1976 "US" 1709 49 162 -67 402 59 14 43 164 50 60 159 164 38 8868 285 -140 425 -51 157 -2.49287612369461 -3.23735718511298 -1.87589856541897
"415904180" "415904180" 41.96222 -72.84 "inv" 1941 "US" 952 68 163 -21 782 107 25 40 309 97 112 290 126 37 7207 270 -70 340 -15 159 -0.577170368218025 0.639506557647884 -1.83629857012897
"415904181" "415904181" 41.98333 -72.69166 "inv" 1941 "US" 1377 85 188 -10 210 24 8 25 64 36 44 55 176 43 7700 316 -85 401 117 181 -3.03963794333994 -2.47269304966857 1.35691598303229
"415904182" "415904182" 41.98333 -72.69166 "inv" 1941 "US" 1462 97 191 10 275 45 9 53 119 32 32 119 184 47 7045 315 -73 388 10 191 -4.12036954018646 -1.12499181010601 0.678578151762966
"441720217" "441720217" 48.76333 -119.40833 "inv" 2002 "US" 793 148 238 69 467 60 6 46 167 35 35 147 118 37 6654 333 18 315 101 238 -2.96646692211811 2.08641631269801 3.59648106693439
"441720246" "441720246" 46.15833 -117.81028 "inv" 2004 "US" 793 148 238 69 467 60 6 46 167 35 35 147 118 37 6654 333 18 315 101 238 -3.01337697555015 2.04533367651705 3.56811495183712
"441720817" "441720817" 43.66583 -118.59 "inv" 2003 "US" 615 144 225 72 1117 221 2 82 574 18 27 574 140 44 6100 325 12 313 72 223 -4.55788630862758 6.24539198066309 -0.777701535407028
"441720819" "441720819" 46.69211 -120.65398 "inv" 1990 "US" 1898 70 154 -5 643 113 11 67 303 42 42 303 151 45 6355 262 -70 332 -5 154 -2.773075369301 0.866998616753807 -2.39544608235591
"441720885" "441720885" 47.09847 -120.6983 "inv" 2006 "US" 1171 97 179 19 1032 196 5 77 522 33 33 522 181 49 6328 314 -51 365 19 179 -4.51669787043901 3.65214101291181 -2.88803071990398
"441720927" "441720927" 47.54833 -120.25333 "inv" 2005 "US" 118 166 251 84 644 123 2 78 320 20 20 320 144 43 6670 356 25 331 84 251 -4.7844680891663 4.14228078103402 2.8105040266737
"441720935" "441720935" 47.70333 -122.09167 "inv" 2000 "US" 1898 70 154 -5 643 113 11 67 303 42 42 303 151 45 6355 262 -70 332 -5 154 -2.7548656248743 0.882946249521141 -2.3844348029284
"441986212" "441986212" 44.33333 28.33333 "nat" 1914 "RO" 1635 95 180 25 1139 200 5 79 557 31 39 557 142 45 6273 281 -34 315 25 179 -3.63750042819325 4.39157475570117 -3.26191606710453
"442203473" "442203473" 44.18 -122.106 "inv" 2002 "US" 94 166 251 80 292 51 0 79 144 3 3 141 159 45 6760 366 19 347 97 251 -5.35752513951187 2.06288162200142 4.38728985685053
"466086266" "466086266" 49.35 -120.06667 "inv" 1953 "CA" 1043 149 230 80 558 103 3 77 280 20 35 275 162 49 5992 338 10 328 86 228 -4.8809850527434 3.33073111313964 1.98128410252496
"466086275" "466086275" 50 -119 "inv" 1952 "CA" 423 138 198 84 352 69 1 88 191 3 9 188 181 58 4532 310 1 309 91 196 -5.0823100795607 2.90258260298486 2.002039281942
"466086952" "466086952" 50 -119 "inv" 1947 "CA" 80 101 171 27 810 75 54 10 221 178 211 199 83 35 5661 227 -8 235 68 63 3.68109430616044 2.48702021124809 0.567781242517742
"466090938" "466090938" 49.81667 -119.48333 "inv" 1951 "CA" 1542 101 215 -5 381 65 12 50 160 38 133 38 156 38 8577 313 -90 403 189 -5 -1.97062117520791 -1.907307825026 1.39649990832889
"466091087" "466091087" 50 -119 "inv" 1944 "CA" 3298 -7 93 -98 698 74 42 16 208 145 182 163 136 38 7537 181 -169 350 -27 3 2.30811409370524 -3.41919919023371 -5.51326214518251
"466092873" "466092873" 50 -121 "inv" 1952 "CA" 259 129 206 55 642 85 18 32 223 91 91 177 92 35 5854 272 10 262 137 206 -0.0687473662532154 2.9546561192839 2.2859942799109
"466092875" "466092875" 50 -121 "inv" 1952 "CA" 194 98 190 4 629 76 35 25 216 116 216 118 96 32 7206 260 -37 297 190 18 2.21699537401226 0.667867055261309 1.31257754146855
"466092913" "466092913" 49 -121 "inv" 1977 "CA" 220 131 208 57 633 85 17 33 222 88 88 174 92 35 5870 274 12 262 139 208 -0.195813660396527 2.98091517626287 2.40456825546557
"466095830" "466095830" 49 -119 "inv" 1950 "CA" 50 96 213 -27 1141 103 79 7 300 260 289 263 121 31 9239 293 -92 385 144 -15 4.09642690358928 0.432896662581632 -0.182054907764792
"466096235" "466096235" 50.25 -119.25 "inv" 1975 "CA" 587 75 171 -20 824 163 12 78 457 55 55 420 135 38 7473 276 -72 348 -15 171 -2.32940043632928 2.10088875074926 -2.62873262951022
"466097551" "466097551" 49 -119 "inv" 1961 "CA" 545 90 192 -9 449 62 17 38 177 59 71 161 122 34 7868 294 -55 349 -4 187 -1.33784700488034 -0.327800034976138 0.811259882362882
"466097650" "466097650" 50.16667 -119.35 "inv" 1952 "CA" 1145 42 130 -45 1211 199 36 57 569 124 124 518 104 34 6882 212 -89 301 -38 130 0.999580597853727 2.90448435513823 -5.50871942971602
"466100513" "466100513" 49 -119 "inv" 1976 "CA" 1448 58 157 -40 326 41 13 31 116 47 57 107 162 41 7615 279 -109 388 -32 152 -2.03250888971252 -2.50861043537585 -0.821843178692413
"466101169" "466101169" 50.16667 -119.35 "inv" 1952 "CA" 3 110 174 51 945 149 20 58 434 85 85 393 86 38 4893 239 16 223 55 174 -0.000396943546832645 5.27437576641387 -0.632174483223541
"466101528" "466101528" 50.75 -120.56667 "inv" 1974 "CA" 67 97 154 42 583 88 18 46 247 72 72 226 89 41 4454 220 6 214 45 154 0.323091587070618 3.27024344899666 0.238423991542322
"466101787" "466101787" 50.8 -121.6 "inv" 1978 "CA" 221 107 216 -6 261 45 6 55 122 28 33 111 122 33 8606 310 -55 365 2 210 -2.59277715357992 -0.808746345556916 2.16112442882563
"466102521" "466102521" 49.5 -119.66667 "inv" 1965 "CA" 143 119 219 20 245 36 6 42 98 28 31 88 131 37 7717 319 -29 348 26 213 -2.71578862713896 -0.20560442987528 2.99346640807583
"466295704" "466295704" 49.51583 -119.57361 "inv" 1939 "CA" 832 59 147 -25 1365 248 23 70 704 98 98 649 114 37 6768 239 -69 308 -20 147 -0.592852706194648 4.69120437700333 -5.66163594471945
"474263712" "474263712" 60.17058 24.92524 "nat" 1947 "FI" 527 80 184 -29 310 34 17 23 96 57 88 87 119 32 8281 282 -81 363 -21 36 -0.135955608366679 -2.00837962677826 1.03529683579748
"474263714" "474263714" 65.0231 25.40523 "nat" 1948 "FI" 1436 26 125 -70 483 54 30 18 143 93 134 132 102 31 7672 211 -117 328 -64 -20 2.25692599902259 -2.45212013270291 -2.32871925296977
"474263835" "474263835" 65.0231 25.40523 "nat" 1948 "FI" 1185 43 145 -60 311 35 17 22 92 60 92 82 116 33 7966 237 -112 349 145 -2 1.08123704120216 -2.86753459201602 -0.407920710558179
"51793095" "51793095" 45.4842 -120.73 "inv" 1960 "US" 1436 26 125 -70 483 54 30 18 143 93 134 132 102 31 7672 211 -117 328 -64 -20 1.90507538750501 -2.76026198302002 -2.54148036094442
"51793352" "51793352" 44.469 -119.4808 "inv" 1991 "US" 1436 26 125 -70 483 54 30 18 143 93 134 132 102 31 7672 211 -117 328 -64 -20 1.88679397244005 -2.77627238311634 -2.55253497900459
"51793429" "51793429" 44.1632 -121.1684 "inv" 1998 "US" 381 82 186 -23 343 37 20 19 101 66 99 89 120 34 8067 280 -71 351 165 38 0.139188353925447 -1.81161044168104 1.48792284299212
"51793477" "51793477" 43.6658 -118.59 "inv" 2003 "US" 327 94 198 -11 297 33 16 21 88 61 81 84 116 33 8106 291 -57 348 -3 92 -0.682202656004546 -1.51440546389522 1.76081641393988
"51793720" "51793720" 45.5947 -121.1775 "inv" 1948 "US" 1070 51 154 -52 373 42 23 21 110 77 103 98 123 34 8040 252 -105 357 92 6 0.613013246608524 -2.75982227670148 -0.544450122944713
"51793728" "51793728" 45.2344 -120.1839 "inv" 1948 "US" 1287 32 133 -71 648 78 41 18 198 145 175 161 132 34 8005 231 -150 381 73 93 1.82045981852301 -2.40063899189404 -2.68947853737168
"51794086" "51794086" 45.6758 -121.2686 "inv" 1944 "US" 901 55 155 -47 466 63 27 32 179 87 92 164 107 32 7823 237 -94 331 -39 54 0.662365379871194 -1.54584993705464 -1.28502878788149
"60070244" "60070244" 39.52 -119.81 "inv" 1976 "US" 3 106 175 44 1140 167 40 48 482 138 138 426 74 33 5174 233 12 221 50 175 1.53019170180266 5.53896280077393 -1.30747758415749
"60070453" "60070453" 41.56 -111.83 "inv" 1982 "US" 389 76 182 -33 412 46 23 20 119 76 116 112 116 32 8285 275 -83 358 -23 32 0.187025732575194 -1.97676412595054 0.430059531327287
"60070560" "60070560" 41.91 -115.42 "inv" 1985 "US" 1436 26 125 -70 483 54 30 18 143 93 134 132 102 31 7672 211 -117 328 -64 -20 1.84071227311852 -2.81662956775628 -2.58040019533238
"60070850" "60070850" 43.66 -118.59 "inv" 2003 "US" 476 81 187 -28 315 40 15 27 110 51 80 101 107 30 8357 269 -81 350 -21 82 -0.402466987282295 -1.93425589555585 0.828770300768764
"60070892" "60070892" 38.38 -109.87 "inv" 2003 "US" 1070 51 154 -52 373 42 23 21 110 77 103 98 123 34 8040 252 -105 357 92 6 0.483093107454532 -2.8736030426342 -0.623011739294902
"60070894" "60070894" 38.52 -107.72 "inv" 2004 "US" 513 78 185 -31 460 55 27 22 146 89 110 134 135 36 8341 290 -83 373 -23 135 -0.64824997958579 -1.61707939948393 0.199070940770925
"615431358" "615431358" 43.39161 5.33798 "nat" 2012 "FR" 513 78 185 -31 460 55 27 22 146 89 110 134 135 36 8341 290 -83 373 -23 135 -0.560523497666378 -1.54025076944727 0.252118407169769
"616365983" "616365983" 50.87904 5.68989 "nat" 1912 "NL" 389 76 182 -33 412 46 23 20 119 76 116 112 116 32 8285 275 -83 358 -23 32 0.354840191053248 -1.82979647532645 0.531535524124224
"617297299" "617297299" 39.02 -3.46 "nat" NA "ES" 359 90 194 -16 485 75 21 48 215 66 68 193 99 29 8122 272 -59 331 -10 170 -0.766377803837409 -0.109200470107397 0.371764212532383
"617297318" "617297318" 39.02 -3.46 "nat" NA "ES" 359 90 194 -16 485 75 21 48 215 66 68 193 99 29 8122 272 -59 331 -10 170 -0.766377803837409 -0.109200470107397 0.371764212532383
"618293663" "618293663" 38.93 -3.46 "nat" NA "ES" 611 72 179 -38 309 34 13 27 97 48 97 85 112 31 8406 266 -95 361 179 27 -0.0160207258794813 -2.61306123955017 0.935266398886057
"618293974" "618293974" 39.02 -3.46 "nat" NA "ES" 892 57 158 -46 361 43 18 24 120 63 96 111 106 31 7981 239 -101 340 -40 13 0.399142552881031 -2.52899106244557 -0.734474025828771
"620619000" "620619000" 40.19195 44.51962 "nat" NA "AM" 499 81 182 -20 527 79 25 45 226 78 79 205 98 30 7863 260 -64 324 -15 159 -0.266882323076522 -0.054053975116627 -0.237600672680213
"668748026" "668748026" 48.55556 -68.23056 "inv" 1978 "CA" 499 81 182 -20 527 79 25 45 226 78 79 205 98 30 7863 260 -64 324 -15 159 -0.116272959550704 0.0778458892938903 -0.146528456216243
"668748027" "668748027" 48.55556 -68.23056 "inv" 1978 "CA" 359 90 194 -16 485 75 21 48 215 66 68 193 99 29 8122 272 -59 331 -10 170 -0.594664318576588 0.0411818493788476 0.475597914059017
"668748028" "668748028" 48.55556 -68.23056 "inv" 1978 "CA" 954 56 159 -49 297 33 16 22 89 57 89 78 117 33 8057 252 -100 352 159 11 0.475413384226455 -2.81415092609474 0.193928139091654
"668748029" "668748029" 46.78889 -71.30306 "inv" 2002 "CA" 442 86 189 -16 305 34 17 21 91 60 89 80 115 33 7932 282 -61 343 167 41 0.0394689862145469 -1.63170414939972 1.84174578785805
"684151447" "684151447" 45.57111 10.81278 "nat" 1897 "IT" 390 88 191 -13 305 34 17 20 90 62 87 81 114 33 7883 283 -56 339 170 44 0.0451135166292768 -1.51116273450712 1.97764829611756
"689546" "689546" 40.48333 22.85 "nat" 2000 "GR" 1206 49 153 -52 674 85 35 28 238 113 139 220 107 30 8064 245 -101 346 -46 148 0.897194293723525 -1.10483075973793 -2.17022133545608
"689571" "689571" 40.83333 23.85 "nat" 2000 "GR" 27 51 158 -48 649 78 33 31 221 103 197 134 64 21 8037 208 -87 295 145 -16 3.48636276792284 -0.961737130400955 -0.699314910738419
"695807123" "695807123" 51.86 12.08 "nat" NA "DE" 31 97 167 26 774 74 50 11 216 162 216 184 76 34 5534 219 -4 223 167 56 3.98834367764684 2.49340843302935 0.880849456259054
"695807126" "695807126" 51.46 11.08 "nat" NA "DE" 639 147 238 65 423 51 5 41 147 38 38 124 125 38 6803 339 12 327 131 238 -2.92897845725528 1.70632069809095 3.9251827281785
"695807127" "695807127" 51.46 11.75 "nat" NA "DE" 639 147 238 65 423 51 5 41 147 38 38 124 125 38 6803 339 12 327 131 238 -2.92897845725528 1.70632069809095 3.9251827281785
"695807130" "695807130" 51.26 14.08 "nat" NA "DE" 1128 107 220 -18 336 59 16 42 138 54 75 60 122 31 9220 310 -78 388 152 217 -1.7227101884679 -1.46259888125042 2.04398900411653
"695807132" "695807132" 51.16 14.42 "nat" NA "DE" 106 24 146 -107 923 87 60 11 252 194 243 234 94 24 9746 216 -169 385 136 -52 4.97185431797463 -2.51766569141757 -2.77916703620824
"695807143" "695807143" 49.06 8.25 "nat" NA "DE" 153 86 168 6 526 70 28 28 186 93 186 93 82 32 6349 227 -28 255 168 6 2.44762522428872 0.739941603660814 0.981385665560805
"695807146" "695807146" 48.76 9.25 "nat" NA "DE" 98 91 176 7 503 60 28 25 174 91 174 95 82 31 6609 235 -24 259 176 16 2.31445324738239 0.617042146892878 1.43810403603324
"695807147" "695807147" 48.66 9.92 "nat" NA "DE" 207 84 171 -4 616 77 34 25 214 112 214 122 76 28 6836 227 -36 263 171 5 3.11080851311756 0.679350383869361 0.675178295849785
"695807153" "695807153" 52.56 13.42 "nat" NA "DE" 105 99 172 24 802 82 53 14 239 167 239 188 79 33 5789 227 -6 233 172 57 4.02129770360189 2.53432792863132 0.827060148693978
"695807154" "695807154" 52.56 13.75 "nat" NA "DE" 351 77 158 -3 620 81 32 26 216 118 216 118 82 31 6322 218 -39 257 158 4 3.12407371685868 0.827995260205136 0.177301333452514
"695807155" "695807155" 52.46 13.25 "nat" NA "DE" 182 98 169 26 865 85 58 11 249 188 249 202 74 33 5629 221 -2 223 169 55 4.5446900072305 2.84423680734435 0.601029286005058
"695807159" "695807159" 51.86 11.25 "nat" NA "DE" 468 79 163 -8 725 87 45 22 244 144 244 153 85 32 6652 224 -41 265 163 5 3.59979590527162 1.00988936258795 -0.10207585456781
"695807160" "695807160" 51.86 12.25 "nat" NA "DE" 102 104 187 19 695 80 43 19 216 138 216 149 88 32 6547 252 -15 267 187 32 2.94074100162652 1.66220951783491 1.45316002093545
"695807161" "695807161" 51.86 13.92 "nat" NA "DE" 121 104 187 19 722 83 45 18 224 145 224 157 88 32 6563 253 -15 268 187 32 3.07646092012853 1.75079832220642 1.36462277004046
"695807164" "695807164" 51.76 11.42 "nat" NA "DE" 661 72 153 -11 816 102 48 26 286 153 286 161 83 32 6415 213 -44 257 153 0 4.05952044887869 1.32618410932976 -0.890371300315196
"695807166" "695807166" 51.76 11.75 "nat" NA "DE" 517 80 165 -10 923 123 49 34 351 156 351 159 89 32 6802 228 -50 278 165 3 3.95405500977774 1.68386484600602 -0.94321280712254
"695807168" "695807168" 51.76 12.25 "nat" NA "DE" 53 89 175 -2 577 69 34 22 191 110 191 125 80 29 6891 235 -35 270 175 39 2.81569392305813 0.680511991560148 1.11872543767462
"695807173" "695807173" 51.56 10.75 "nat" NA "DE" 51 90 177 0 566 70 33 22 186 109 186 126 81 29 6931 238 -34 272 177 41 2.6873153306585 0.673453439127849 1.2170399606885
"695807175" "695807175" 51.56 11.58 "nat" NA "DE" 66 92 180 -1 555 66 32 23 188 105 188 115 80 29 7020 239 -34 273 180 10 2.69091620427905 0.529946958654303 1.33101983636084
"695807176" "695807176" 51.56 11.75 "nat" NA "DE" 116 88 170 7 524 67 30 25 179 99 179 99 81 32 6386 228 -24 252 170 7 2.60472464069727 0.829136194641014 1.16217905057611
"695807178" "695807178" 51.56 12.25 "nat" NA "DE" 52 93 181 2 558 66 32 23 190 105 190 115 80 29 6975 240 -30 270 181 13 2.68855957556691 0.643960052976545 1.4108372921587
"695807180" "695807180" 51.46 10.92 "nat" NA "DE" 164 86 168 5 539 69 31 25 184 102 184 102 80 31 6367 225 -26 251 168 5 2.77128535271585 0.819010019555789 1.00491420165551
"695807181" "695807181" 51.46 11.58 "nat" NA "DE" 140 87 170 6 519 66 30 25 179 98 179 98 80 31 6398 228 -25 253 170 6 2.64900510093916 0.760426332741264 1.1584426896177
"695807195" "695807195" 51.26 11.92 "nat" NA "DE" 90 91 176 7 500 60 29 25 173 91 173 96 81 31 6601 235 -24 259 176 16 2.3896649238924 0.664062728343665 1.47306130823733
"695807196" "695807196" 51.26 12.42 "nat" NA "DE" 85 92 178 4 567 68 32 25 197 103 197 111 80 30 6800 237 -29 266 178 14 2.67131333666945 0.769555662247318 1.273400769361
"695807199" "695807199" 51.06 11.08 "nat" NA "DE" 87 91 173 9 486 64 27 31 178 84 178 85 82 32 6440 233 -22 255 173 17 2.19872794520793 0.786505392073615 1.3850963696805
"695807201" "695807201" 50.96 6.92 "nat" NA "DE" 98 91 175 7 492 61 28 27 175 87 175 91 82 31 6536 235 -23 258 175 16 2.30477531694422 0.677045059423494 1.45156321617958
"695807208" "695807208" 49.56 8.58 "nat" NA "DE" 38 102 177 24 810 86 49 14 232 171 228 195 82 33 5955 236 -7 243 162 60 3.64699932754399 2.4551088304924 0.910930216037625
"695807210" "695807210" 49.46 8.42 "nat" NA "DE" 214 92 166 17 904 90 59 13 260 189 260 225 76 32 5833 221 -13 234 166 50 4.56571351634701 2.60495257623428 0.144029602073891
"695807214" "695807214" 49.26 8.08 "nat" NA "DE" 202 84 171 -6 594 73 32 27 208 105 208 115 78 29 6892 229 -38 267 171 4 2.87046766529725 0.53427704161176 0.722894512770271
"695807217" "695807217" 49.06 8.08 "nat" NA "DE" 92 99 174 23 804 84 54 14 242 166 242 189 81 33 5875 231 -8 239 174 57 3.90240474467592 2.42784990160322 0.802002211898753
"695807221" "695807221" 48.86 9.25 "nat" NA "DE" 343 83 160 4 685 70 44 14 203 139 203 170 80 32 6095 217 -29 246 160 41 3.53001211616809 1.26597288138055 0.324783466186167
"695807225" "695807225" 48.66 9.08 "nat" NA "DE" 108 101 183 17 644 74 41 20 209 127 209 137 87 33 6476 246 -16 262 183 29 2.774409395897 1.43989869172034 1.38374815489771
"695807226" "695807226" 48.56 7.75 "nat" NA "DE" 113 99 181 16 634 70 40 18 200 127 200 139 87 33 6405 243 -18 261 181 28 2.78845925491959 1.33919233948087 1.35109881050559
"695807234" "695807234" 51.76 11.42 "nat" NA "DE" 144 100 182 17 687 77 43 18 213 137 213 149 88 33 6451 247 -18 265 182 29 2.97506163253479 1.56080306154234 1.26329885268262
"695807237" "695807237" 51.66 6.58 "nat" NA "DE" 116 104 187 20 729 85 45 19 228 146 227 158 88 32 6526 253 -15 268 171 33 3.04678318012485 1.81033417270851 1.28672722309943
"695807238" "695807238" 51.66 11.75 "nat" NA "DE" 214 96 175 12 655 86 37 29 230 113 230 119 88 33 6365 237 -24 261 175 25 2.69565790331207 1.45451314704882 0.889888977385477
"695807239" "695807239" 51.66 12.25 "nat" NA "DE" 460 87 168 5 771 97 46 25 263 142 263 151 87 33 6378 229 -31 260 168 17 3.46312459418094 1.60169448419304 0.0689472349288189
"695807242" "695807242" 51.46 10.42 "nat" NA "DE" 437 87 168 4 767 97 45 27 263 138 263 147 87 33 6385 230 -32 262 168 16 3.36917543153645 1.56325694388702 0.0722583181511889
"695807244" "695807244" 51.46 12.75 "nat" NA "DE" 475 83 167 -6 797 104 46 30 291 142 291 149 85 31 6723 228 -40 268 167 8 3.64989734718474 1.39928509439518 -0.273303604406384
"695807249" "695807249" 51.26 10.42 "nat" NA "DE" 76 88 165 9 673 76 42 19 216 136 216 149 83 33 6094 223 -22 245 165 17 3.45038129941037 1.50840066658673 0.641726377215129
"695807250" "695807250" 51.26 11.92 "nat" NA "DE" 56 90 174 7 500 60 31 22 166 100 166 102 80 31 6497 231 -24 255 174 16 2.60133040488214 0.709677217776157 1.4301494529814
"695807254" "695807254" 51.16 14.42 "nat" NA "DE" 17 100 172 25 776 78 46 14 223 159 223 185 77 33 5709 227 -5 232 172 59 3.73145017194528 2.4534742681634 0.991721212471304
"695807257" "695807257" 51.06 11.58 "nat" NA "DE" 315 78 159 -2 606 75 35 23 204 119 204 119 79 31 6318 217 -34 251 159 5 3.23310319390797 0.821225071101712 0.343072376542276
"695807264" "695807264" 50.76 6.08 "nat" NA "DE" 116 90 174 4 520 61 30 24 179 96 179 100 81 31 6638 233 -27 260 174 13 2.5186546710952 0.624923674102097 1.30910546445319
"695807265" "695807265" 49.86 8.58 "nat" NA "DE" 214 92 166 17 904 90 59 13 260 189 260 225 76 32 5833 221 -13 234 166 50 4.57291659556882 2.61126085050391 0.148385243547559
"695807272" "695807272" 49.06 8.25 "nat" NA "DE" 215 84 170 -6 629 72 35 24 212 115 212 131 80 29 6874 229 -40 269 170 3 3.0571278323561 0.58217275325046 0.610585119454651
"70463074" "70463074" 48.5575 -119.74861 "inv" 1989 "US" 242 82 165 0 522 70 25 31 188 86 188 86 85 32 6428 225 -36 261 165 0 2.26881955717658 0.462997640414951 0.731484904793775
"70463085" "70463085" 46.63333 -120.51667 "inv" 1992 "US" 289 80 165 -7 601 75 34 26 212 109 212 116 78 30 6702 222 -38 260 165 2 3.00393880254782 0.554538009862104 0.409805708098146
"70463951" "70463951" 47.58926 -120.20722 "inv" 1950 "US" 372 89 172 3 730 83 47 17 227 151 227 163 87 32 6593 233 -32 265 172 14 3.43829228875038 1.2064246297774 0.41090905964645
"725174669" "725174669" 63.1326 21.54034 "nat" 1947 "FI" 97 102 185 18 651 76 42 20 212 129 212 139 86 32 6485 247 -15 262 185 31 3.1184755243396 1.73497424611527 1.59502358916615
"725174670" "725174670" 63.1326 21.54034 "nat" 1947 "FI" 326 89 175 3 652 76 39 22 219 129 219 136 90 33 6699 239 -33 272 175 14 3.08369256438755 1.14386203673897 0.858987502779361
"725174671" "725174671" 60.88486 24.6948 "nat" 1959 "FI" 114 100 182 17 650 73 41 18 205 131 205 143 87 33 6417 246 -17 263 182 29 3.04068167026922 1.62024428561642 1.48301005132576
"725174672" "725174672" 61.49327 23.71066 "nat" 1917 "FI" 102 104 187 19 695 80 43 19 216 138 216 149 88 32 6547 252 -15 267 187 32 3.11421401906424 1.81413279101837 1.55805769678306
"725174673" "725174673" 61.49327 23.71066 "nat" 1917 "FI" 121 104 187 19 722 83 45 18 224 145 224 157 88 32 6563 253 -15 268 187 32 3.24993393756626 1.90272159538988 1.46952044588807
"725174680" "725174680" 61.49327 23.71066 "nat" 1960 "FI" 142 102 184 18 652 80 37 26 219 114 217 118 87 32 6451 249 -16 265 168 32 2.71503483143949 1.67504116153149 1.48185701367405
"725174969" "725174969" 61.49327 23.71066 "nat" 1960 "FI" 122 40 150 -65 636 81 32 30 223 101 206 127 76 23 8374 210 -110 320 135 -28 3.63770114704907 -1.38956318285008 -1.09339248192699
"727819192" "727819192" 43.38222 28.45767 "nat" 2008 "BG" 124 35 148 -74 582 78 27 33 212 88 203 108 82 24 8622 212 -122 334 132 -34 2.90022488652286 -2.23413475312079 -1.40546419239562
"727819194" "727819194" 40.15677 22.54818 "nat" 2008 "GR" 124 35 148 -74 582 78 27 33 212 88 203 108 82 24 8622 212 -122 334 132 -34 2.84214195683289 -2.28500231122822 -1.44058645187373
"727819196" "727819196" 40.62162 23.07868 "nat" 2008 "GR" 124 35 148 -74 582 78 27 33 212 88 203 108 82 24 8622 212 -122 334 132 -34 2.85051283527353 -2.27767130799263 -1.43552465202615
"727819197" "727819197" 40.85102 25.79317 "nat" 2008 "GR" 124 35 148 -74 582 78 27 33 212 88 203 108 82 24 8622 212 -122 334 132 -34 2.85464380120724 -2.274053512699 -1.433026691641
"727819199" "727819199" 47.642 18.78257 "nat" 2008 "HU" 124 35 148 -74 582 78 27 33 212 88 203 108 82 24 8622 212 -122 334 132 -34 2.97693371854157 -2.16695510170009 -1.35907900630387
"727819201" "727819201" 44.11052 28.63703 "nat" 2008 "RO" 1247 61 160 -37 401 53 16 33 148 61 77 135 156 40 7649 281 -102 383 -29 156 -1.76644515039354 -2.02454828350212 -0.918795559310799
"788630655" "788630655" 58.27884 12.27909 "nat" 2009 "SE" 5 119 213 23 424 45 28 13 118 89 110 100 70 25 7457 260 -20 280 85 28 1.9146340985222 0.493644731700146 3.01160798988901
"788689165" "788689165" 59.85815 17.63407 "nat" 1904 "SE" 16 137 195 79 1326 162 68 23 440 252 284 400 82 40 4502 244 40 204 113 176 4.01654504963 7.16304065348292 0.0942531816931086
"788690359" "788690359" 62.448 17.35246 "nat" 1906 "SE" 38 145 235 58 534 71 14 38 207 68 83 179 97 33 6935 304 13 291 74 230 -0.988012108619407 2.72137098894513 3.44711305391837
"811775877" "811775877" 34.2115 -117.07683 "inv" 1994 "US" 42 69 157 -16 764 85 41 25 249 129 208 172 67 26 6764 205 -49 254 77 12 3.54790806369262 0.691338220260117 -0.718950227984509
"833536909" "833536909" 49.9749 8.04144 "nat" 1990 "DE" 14 79 160 7 569 62 32 20 175 101 162 132 54 24 6098 200 -20 220 155 24 3.70087495924892 1.10173805820879 0.910947496295247
"852311815" "852311815" 58.3016 12.3079 "nat" 2009 "SE" 96 102 184 18 644 74 41 19 208 128 208 139 86 32 6456 247 -15 262 184 31 3.00186712556536 1.61906598030548 1.56385569562578
"852324546" "852324546" 58.3015 12.3074 "nat" 2009 "SE" 92 96 177 14 551 58 34 18 172 106 172 120 85 32 6317 239 -19 258 177 56 2.60672711787574 1.17781799396711 1.65107022135067
"852325946" "852325946" 58.3015 12.3074 "nat" 2009 "SE" 142 96 177 12 574 63 34 20 182 106 182 125 83 32 6415 238 -20 258 177 55 2.63967248937406 1.23289128350256 1.50890385073121
"895225083" "895225083" 39.39319 -1.83837 "nat" 2011 "ES" 42 68 157 -17 759 84 40 24 248 128 207 169 67 26 6790 205 -49 254 76 12 3.62549756946083 0.713552769484494 -0.654132346047726
"895314727" "895314727" 40.9333 25.92 "nat" 1994 "GR" 42 68 157 -17 759 84 40 24 248 128 207 169 67 26 6790 205 -49 254 76 12 3.65323140531159 0.737841360197988 -0.637361928572697
"918835864" "918835864" 50 -119 "inv" 1952 "CA" 45 68 157 -17 762 85 40 25 249 128 207 171 67 26 6776 205 -49 254 76 12 3.79913857260256 0.909469449803416 -0.56314690881214
"918836025" "918836025" 50.66667 -120.31667 "inv" 1971 "CA" 765 134 219 58 424 50 13 30 138 66 71 94 119 39 6336 307 4 303 116 219 -1.63342212294588 1.53279108733648 3.22085059179377
"918836170" "918836170" 49.03333 -118.43333 "inv" 1940 "CA" 114 140 229 56 586 88 14 44 234 67 68 218 99 33 6826 303 10 293 72 227 -1.41055107524702 2.78313891826134 2.71822833972815
"918837486" "918837486" 50.23333 -121.56667 "inv" 1972 "CA" 1185 43 145 -60 311 35 17 22 92 60 92 82 116 33 7966 237 -112 349 145 -2 0.814907328746263 -3.10077940587782 -0.568968049553221
"918837488" "918837488" 50.23333 -121.56667 "inv" 1972 "CA" 2043 3 99 -85 838 106 41 29 305 138 160 282 100 30 7372 190 -135 325 -79 98 2.50021627411374 -1.26512937277936 -5.24063474268826
"918837536" "918837536" 50 -119 "inv" 1947 "CA" 365 85 195 -28 306 34 13 27 96 48 96 85 113 30 8616 283 -83 366 195 39 -0.0514118273477474 -2.13425866788924 1.85691758521743
"918837562" "918837562" 49.5 -119.58333 "inv" 1939 "CA" 513 78 185 -31 460 55 27 22 146 89 110 134 135 36 8341 290 -83 373 -23 135 -0.450525454947089 -1.44391727078263 0.318633299223123
"918837808" "918837808" 49.51583 -119.57361 "inv" 1939 "CA" 513 78 185 -31 460 55 27 22 146 89 110 134 135 36 8341 290 -83 373 -23 135 -0.450240393086886 -1.44366762082841 0.318805673734443
"918838213" "918838213" 50 -119 "inv" 1944 "CA" 359 90 194 -16 485 75 21 48 215 66 68 193 99 29 8122 272 -59 331 -10 170 -0.568653279198708 0.0639616585939028 0.491326570984581
"918839116" "918839116" 49.6 -114.43333 "inv" 1977 "CA" 513 78 185 -31 460 55 27 22 146 89 110 134 135 36 8341 290 -83 373 -23 135 -0.448724685141637 -1.44234020221522 0.31972220959154
"918839143" "918839143" 50 -121 "inv" 1952 "CA" 1436 26 125 -70 483 54 30 18 143 93 134 132 102 31 7672 211 -117 328 -64 -20 1.98639455037964 -2.68904472065305 -2.49230734652744
"918839147" "918839147" 50.23333 -121.56667 "inv" 1952 "CA" 894 49 141 -42 878 131 37 46 377 124 124 338 98 30 7221 225 -98 323 -36 141 1.30019524124246 0.932898408814923 -3.33530065638952
"918839974" "918839974" 50 -121 "inv" 1952 "CA" 1287 32 133 -71 648 78 41 18 198 145 175 161 132 34 8005 231 -150 381 73 93 1.90627730437166 -2.32548221224569 -2.63758542485439
"918840983" "918840983" 49.8 -124.6 "inv" 1997 "CA" 359 90 194 -16 485 75 21 48 215 66 68 193 99 29 8122 272 -59 331 -10 170 -0.572254818809613 0.0608075214590886 0.489148750247747
"918841363" "918841363" 49 -118 "inv" 1951 "CA" 1548 21 111 -68 903 140 36 47 395 122 122 363 104 33 7040 193 -115 308 -61 111 1.52050804591956 0.374193914702598 -5.18035244400489
"918841466" "918841466" 50.16667 -119.35 "inv" 1952 "CA" 513 78 185 -31 460 55 27 22 146 89 110 134 135 36 8341 290 -83 373 -23 135 -0.438520262885078 -1.43340342776429 0.325892737976249
"918842489" "918842489" 50.91667 -119.58333 "inv" 1976 "CA" 3 106 175 44 1140 167 40 48 482 138 138 426 74 33 5174 233 12 221 50 175 1.73541949398974 5.71869610107504 -1.18337806287321
"918842530" "918842530" 49.08333 -119.25 "inv" 1976 "CA" 1206 49 153 -52 674 85 35 28 238 113 139 220 107 30 8064 245 -101 346 -46 148 1.05206049699245 -0.969202862940923 -2.07657504377221
"918842721" "918842721" 50 -121 "inv" 1972 "CA" 1070 51 154 -52 373 42 23 21 110 77 103 98 123 34 8040 252 -105 357 92 6 0.692342558848129 -2.69034767510149 -0.496480354484835
"918842884" "918842884" 50.71667 -121.31667 "inv" 1999 "CA" 389 76 182 -33 412 46 23 20 119 76 116 112 116 32 8285 275 -83 358 -23 32 0.351916281120135 -1.83235716155935 0.529767460359025
"918843156" "918843156" 49.03333 -118.43333 "inv" 1939 "CA" 1209 44 146 -58 349 39 20 20 101 72 97 93 119 33 7972 241 -111 352 123 -1 0.873140037146239 -2.9842906957078 -0.70451991265066
"918843322" "918843322" 50.23333 -121.56667 "inv" 1971 "CA" 1070 51 154 -52 373 42 23 21 110 77 103 98 123 34 8040 252 -105 357 92 6 0.696544295035192 -2.68666790101316 -0.493939599922207
"918843496" "918843496" 50.75 -120.56667 "inv" 1974 "CA" 513 78 185 -31 460 55 27 22 146 89 110 134 135 36 8341 290 -83 373 -23 135 -0.428015832378931 -1.42420391369004 0.332244678828337
"918843500" "918843500" 50.28333 -121.75 "inv" 1949 "CA" 389 76 182 -33 412 46 23 20 119 76 116 112 116 32 8285 275 -83 358 -23 32 0.344112825245186 -1.83919123048935 0.525048776168526
"918843736" "918843736" 50.23333 -121.56667 "inv" 1952 "CA" 359 90 194 -16 485 75 21 48 215 66 68 193 99 29 8122 272 -59 331 -10 170 -0.564451543011645 0.0676414326822339 0.493867325547209
"918843940" "918843940" 49.28333 -119.51667 "inv" 1968 "CA" 892 57 158 -46 361 43 18 24 120 63 96 111 106 31 7981 239 -101 340 -40 13 0.583961500554994 -2.3671313110463 -0.622715561313908
"918939121" "918939121" 49 -118 "inv" 1939 "CA" 611 72 179 -38 309 34 13 27 97 48 97 85 112 31 8406 266 -95 361 179 27 0.1653167935296 -2.45425043481228 1.04491967298566
"918939127" "918939127" 49.51583 -119.57361 "inv" 1939 "CA" 499 81 182 -20 527 79 25 45 226 78 79 205 98 30 7863 260 -64 324 -15 159 -0.0989807073398842 0.0929900056261305 -0.136071976621444
"918965084" "918965084" 44.6922 -118.06294 "inv" 2009 "US" 954 56 159 -49 297 33 16 22 89 57 89 78 117 33 8057 252 -100 352 159 11 0.405843163870519 -2.87507876230052 0.151859611482375
"918965849" "918965849" 40.15677 22.54818 "nat" 2008 "GR" 327 94 198 -11 297 33 16 21 88 61 81 84 116 33 8106 291 -57 348 -3 92 -0.745392208708821 -1.56974527304611 1.72260622243901
"918965852" "918965852" 43.38222 28.45767 "nat" 2008 "BG" 442 86 189 -16 305 34 17 21 91 60 89 80 115 33 7932 282 -61 343 167 41 -0.0218772985168669 -1.685429671165 1.8046502050103
"918965857" "918965857" 41.75123 27.24788 "nat" 2008 "TR" 390 88 191 -13 305 34 17 20 90 62 87 81 114 33 7883 283 -56 339 170 44 -0.0236737290152477 -1.57140486129979 1.93605322673646
"920996089" "920996089" 44.05009 28.642 "nat" 2013 "RO" 176 106 200 3 573 69 33 23 182 107 178 121 91 29 7700 267 -40 307 185 20 1.82079640610931 0.200062809994582 1.77200354231088
"921001378" "921001378" 44.02146 28.57956 "nat" 2010 "RO" 253 130 221 39 612 77 25 30 217 88 100 194 105 34 7167 301 -5 306 56 217 -0.740271800109136 1.92967962921901 2.26534387106112
"921008197" "921008197" 43.81359 28.5175 "nat" 2012 "RO" 5 119 213 23 424 45 28 13 118 89 110 100 70 25 7457 260 -20 280 85 28 1.65414824423896 0.26551782075329 2.85409438282156
"921010928" "921010928" 44.02146 28.57956 "nat" 2010 "RO" 115 103 185 18 666 79 42 21 219 131 219 140 86 32 6509 246 -17 263 185 30 2.8036447261631 1.47777332342805 1.31074155313403
"921020901" "921020901" 46.8891 20.44412 "nat" 2010 "HU" 1 120 213 24 436 47 29 14 123 92 112 104 71 25 7431 261 -19 280 86 29 1.72518529843725 0.41127139343893 2.86329188976876
"921022746" "921022746" 49.39665 8.68797 "nat" 2011 "DE" 106 100 183 17 639 73 41 19 207 126 207 137 87 33 6445 246 -16 262 183 29 2.7910169679262 1.42561825151012 1.40347742364101
"924817466" "924817466" 44.89556 -85.41639 "inv" 1964 "US" 97 99 182 13 619 69 38 19 198 121 198 132 89 33 6578 247 -22 269 182 26 2.52428211485752 1.07153810885633 1.35168426026054
"924817534" "924817534" 44.89556 -85.41639 "inv" 1964 "US" 106 103 185 19 669 79 43 20 219 132 219 141 86 32 6490 247 -16 263 185 31 2.85663603666374 1.52056773779391 1.34172225986617
"BG001" "BG001" 43.3819444444444 28.4575 "nat" 2008 "BG" 81 107 203 0 528 71 28 27 182 90 173 106 100 31 7858 272 -47 319 188 19 1.20293513255607 -0.0603303984163818 1.83798791448688
"CA001" "CA001" 49.0149388888889 -122.882097222222 "inv" 2008 "CA" 115 103 185 18 666 79 42 21 219 131 219 140 86 32 6509 246 -17 263 185 30 2.89356578623586 1.55652390940482 1.36511606249986
"CA002" "CA002" 49.3499833333333 -119.923508333333 "inv" 2008 "CA" 106 103 185 19 669 79 43 20 219 132 219 141 86 32 6490 247 -16 263 185 31 2.93684994705744 1.59081704804316 1.39022693739603
"CA004" "CA004" 50.8333333333333 -120.616666666667 "inv" 2008 "CA" 178 71 189 -55 797 102 36 25 260 136 227 148 113 29 9521 271 -116 387 145 -48 2.22259107930822 -1.43699013177392 -0.517487170473413
"CA007" "CA007" 49.2961027777778 -118.473830555556 "inv" 2008 "CA" 849 104 194 21 509 93 9 64 251 41 45 238 170 46 6823 322 -41 363 24 192 -3.74785600725245 1.09430935101584 0.336976690449308
"CA010" "CA010" 49.3201805555556 -118.370436111111 "inv" 2010 "CA" 1293 76 165 -8 369 60 7 50 160 36 45 143 160 44 6814 283 -77 360 -3 164 -2.77781747814093 -0.842269958538822 -0.400024204052723
"CA013" "CA013" 49.3201805555556 -118.370436111111 "inv" 2009 "CA" 2155 56 138 -14 1146 201 11 73 550 51 57 549 136 44 6112 233 -75 308 -3 136 -2.13436235951041 3.25223337200542 -5.33572218779633
"GR001" "GR001" 40.1566666666667 22.5480555555556 "nat" 2008 "GR" 1231 97 178 25 857 160 3 75 428 25 25 428 154 46 6132 292 -37 329 25 178 -3.94914381953038 3.04491197804473 -1.99223496027636
"GR002" "GR002" 40.6213888888889 23.0786111111111 "nat" 2008 "GR" 1724 78 160 7 1498 272 8 78 743 46 51 743 143 45 6165 262 -55 317 7 159 -3.21840499790034 5.63533672401379 -5.96003561615362
"GR003" "GR003" 40.8508333333333 25.7930555555556 "nat" 2008 "GR" 2305 69 160 -11 275 43 10 45 113 38 40 113 143 42 6778 257 -80 337 -11 134 -2.33532778907776 -1.66122498763938 -0.779683589896298
"RO001" "RO001" 44.1102777777778 28.6369444444444 "nat" 2008 "RO" 1070 102 182 25 1054 200 5 78 534 33 33 534 192 51 6203 324 -49 373 25 182 -4.93052368673292 3.84841508498338 -2.82317035106042
"RO002" "RO002" 43.9024333333333 28.5739166666667 "nat" 2005 "RO" 1691 87 181 1 339 53 11 50 143 40 40 143 174 46 7024 297 -79 376 1 181 -3.48958241259776 -1.06047506032849 -0.0625962797948016
"RO004" "RO004" 45.5761833333333 29.51805 "nat" 2005 "RO" 1894 94 175 23 748 134 3 79 386 35 55 379 158 48 6119 276 -51 327 29 149 -3.71450297726484 2.30427372201823 -2.0627174455053
"RO005" "RO005" 45.4978611111111 27.9118055555556 "nat" 2005 "RO" 1231 97 178 25 857 160 3 75 428 25 25 428 154 46 6132 292 -37 329 25 178 -3.85296120272432 3.12914627675216 -1.93407414017349
"RU001" "RU001" 51.38333333 56.8 "nat" 2006 "RU" 1894 94 175 23 748 134 3 79 386 35 55 379 158 48 6119 276 -51 327 29 149 -3.60992957356752 2.39585645927784 -1.99948278708206
"RU002" "RU002" 49.1791667 53.2422611 "nat" 2006 "RU" 1894 94 175 23 748 134 3 79 386 35 55 379 158 48 6119 276 -51 327 29 149 -3.64962154070243 2.36109524018284 -2.02348418605332
"RU003" "RU003" 38.1625 54.8 "nat" 2006 "RU" 1894 94 175 23 748 134 3 79 386 35 55 379 158 48 6119 276 -51 327 29 149 -3.84800634820338 2.18735485248113 -2.14344581200358
"RU004" "RU004" 60.16666667 55.01666667 "nat" 2006 "RU" 2032 86 166 16 719 128 3 78 368 36 39 362 157 48 6000 266 -58 324 22 140 -3.3125365070874 2.16575666556848 -2.2045747364612
"RU005" "RU005" 49.1876667 53.2534694 "nat" 2006 "RU" 399 133 180 90 410 78 1 87 218 4 9 215 164 62 3603 277 13 264 94 177 -4.44199496388993 3.78767172697595 1.34811400741926
"RU006" "RU006" 44.13999722 44.02 "nat" 2006 "RU" 1050 127 214 53 947 171 3 81 476 18 25 476 152 45 6474 322 -11 333 53 213 -4.62679146450291 4.34262618479713 -0.755014316396923
"RU007" "RU007" 45.3258333333333 37.2236111111111 "nat" 2001 "RU" 1497 98 182 27 1317 234 6 79 645 32 43 645 137 44 6272 281 -29 310 27 181 -3.49891629270071 5.44385719068555 -3.85549025158274
"RU008" "RU008" 44.05 43.06000278 "nat" 2006 "RU" 1458 102 185 28 1081 191 8 75 525 37 46 525 147 45 6267 288 -34 322 28 184 -3.57153331459594 4.18434955639135 -2.70226928732429
"TR001" "TR001" 41.7511111111111 27.2477777777778 "nat" 2008 "TR" 1208 123 207 55 1329 231 6 78 639 30 43 639 135 44 6156 303 0 303 55 204 -3.90747845828526 6.27640105993815 -2.47704986565299
"TR002" "TR002" 41.0123777777778 28.975925 "nat" 2006 "TR" 1055 126 212 53 1030 187 3 82 520 19 23 520 148 45 6382 317 -6 323 53 210 -4.57986138756 4.83876418699152 -1.21562630962551
"TR003" "TR003" 38.7672222222222 37.0038888888889 "nat" 2002 "TR" 39 122 159 87 1361 254 3 81 698 28 39 698 92 53 2850 213 41 172 87 155 -2.07394050175201 9.26341235320958 -3.25704377378279
"TR004" "TR004" 38.3672222222222 42.7736111111111 "nat" 2002 "TR" 1055 126 212 53 1030 187 3 82 520 19 23 520 148 45 6382 317 -6 323 53 210 -4.6274945501117 4.79704827016583 -1.24442968273071
"TR005" "TR005" 39.7825 41.0736111111111 "nat" 2002 "TR" 1575 95 187 12 408 68 10 59 183 37 37 183 171 46 6869 304 -65 369 12 187 -3.83898582019076 -0.268143691012597 -0.0385815610113571
"UA001" "UA001" 48.1006666666667 37.8161111111111 "nat" 2006 "UA" 2477 41 123 -26 1214 205 14 70 572 62 67 563 129 43 6046 209 -88 297 -15 121 -1.4386386145689 3.05460679654416 -6.35777182344085
"UA002" "UA002" 48.1523333333333 37.8405833333333 "nat" 2006 "UA" 987 130 218 55 917 166 3 81 461 17 24 461 154 45 6514 326 -9 335 55 216 -4.64643699477387 4.32076595948085 -0.408381917384526
"UA003" "UA003" 50.48075 30.4863055555556 "nat" 2006 "UA" 175 81 203 -49 748 96 30 28 241 115 223 115 108 27 9740 282 -105 387 193 -49 1.86920554473595 -1.50609383812547 0.375176666184888
"UA004" "UA004" 48.6460277777778 30.7750833333333 "nat" 2006 "UA" 97 99 182 13 619 69 38 19 198 121 198 132 89 33 6578 247 -22 269 182 26 2.59181940616298 1.13068555731039 1.39252349275691
"UA005" "UA005" 47.862 38.4606944444444 "nat" 2006 "UA" 16 120 212 25 448 49 30 13 129 96 112 109 70 25 7334 259 -17 276 87 29 1.8575110943854 0.555189465426674 2.81665336619913
"UA006" "UA006" 45.7083333333333 33.3497222222222 "nat" 2002 "UA" 47 96 213 -27 1138 103 79 7 299 259 288 263 121 31 9223 293 -92 385 143 -15 4.02344087039103 0.378273053957992 -0.213428030490467
"UA007" "UA007" 48.0922222222222 30.7497222222222 "nat" 2001 "UA" 1590 87 197 -16 369 64 10 53 156 31 127 31 159 39 8311 298 -101 399 173 -16 -1.93814012555914 -2.26133198923083 0.651133009813036
"UA008" "UA008" 46.7572222222222 32.7661111111111 "nat" 2001 "UA" 1835 87 192 -9 432 67 13 43 168 46 145 46 160 41 7847 292 -95 387 167 -9 -1.60091512928704 -1.8927743925406 0.365284886523657
"US004" "US004" 39.5303944444444 -118.185611111111 "inv" 2001 "US" 2040 77 183 -21 427 68 9 59 190 32 186 32 165 41 7998 285 -110 395 158 -21 -1.9427851358986 -2.40684633220699 -0.417801885511882
"US006" "US006" 39.7028333333333 -105.324222222222 "inv" 2005 "US" 1702 95 205 -7 433 66 13 40 163 48 141 48 163 40 8241 304 -98 402 178 -7 -1.90034529285341 -2.11848340175768 0.764665572311966
"US007" "US007" 39.6966666666667 -104.807583333333 "inv" 2005 "US" 1676 97 207 -5 429 67 13 42 163 48 139 48 161 40 8261 305 -95 400 181 -5 -1.93927593049519 -2.01590432648018 0.867119701057556
"US009" "US009" 45.60475 -120.816027777778 "inv" 2005 "US" 1676 97 207 -5 429 67 13 42 163 48 139 48 161 40 8261 305 -95 400 181 -5 -1.83288494974755 -1.92272980129397 0.931453433048945
"US010" "US010" 43.8371388888889 -105.125388888889 "inv" 2005 "US" 1895 84 192 -16 433 64 12 48 178 42 168 42 172 42 8114 297 -111 408 166 -16 -1.95301884288328 -2.37210115635286 0.0735860947144672
"US011" "US011" 43.3855277777778 -106.937333333333 "inv" 2005 "US" 2013 76 182 -21 438 66 11 52 182 39 180 39 174 43 7913 288 -116 404 157 -21 -1.91889436941725 -2.46578758610259 -0.433588488372698
"US013" "US013" 40.5612027777778 -104.865452777778 "inv" 2002 "US" 1662 99 210 -4 409 69 13 49 174 42 149 42 154 38 8375 308 -87 395 184 -4 -1.9013340530989 -1.86380235470388 1.04234929738221
"US016" "US016" 46.8681166666667 -109.066486111111 "inv" 2002 "US" 2272 50 154 -44 383 57 12 49 160 39 145 39 149 40 7791 256 -115 371 128 -44 -0.905007478714426 -2.94400115483649 -1.33528879785542
"US017" "US017" 40.4211055555556 -122.555069444444 "inv" 2002 "US" 1633 101 212 -2 404 68 13 48 168 43 141 43 152 38 8403 308 -85 393 186 -2 -1.90736617765328 -1.82069516671435 1.17488459931206
"US018" "US018" 43.5467722222222 -118.913991666667 "inv" 2002 "US" 2423 45 143 -45 468 67 14 44 181 52 181 52 174 44 7370 251 -137 388 143 -45 -0.954833025622548 -3.04481535736102 -2.14715808287143
"US024" "US024" 34.8557 -110.235983333333 "inv" 2003 "US" 1575 95 187 12 408 68 10 59 183 37 37 183 171 46 6869 304 -65 369 12 187 -3.9277061469658 -0.34584270519161 -0.092229997042531
"US026" "US026" 40.3719055555556 -104.472561111111 "inv" 2002 "US" 2305 69 160 -11 275 43 10 45 113 38 40 113 143 42 6778 257 -80 337 -11 134 -2.34395217588991 -1.66877800708329 -0.784898684125749
