"Pop" "Latitude" "Longitude" "Origin" "year" "countryCode" "alt" "bio1" "bio10" "bio11" "bio12" "bio13" "bio14" "bio15" "bio16" "bio17" "bio18" "bio19" "bio2" "bio3" "bio4" "bio5" "bio6" "bio7" "bio8" "bio9" "PC1" "PC2" "PC3"
"1020861541" "1020861541" 40.56688549 -122.6107213 "inv" 1972 "US" 1918 4 100 -90 391 44 22 20 117 77 109 107 106 32 7466 186 -140 326 -83 -43 3.24536610793501 2.91113059780098 3.95885385034019
"1021149568" "1021149568" 34.21167 -117.07667 "inv" 1999 "US" 935 57 160 -45 561 67 34 21 180 114 136 166 115 33 8008 255 -93 348 -38 154 1.34161520177118 1.09249320645403 1.15628719657149
"1021160047" "1021160047" 38.77343848 -120.1835393 "inv" 1998 "US" 599 73 178 -33 501 59 31 21 158 101 123 145 124 34 8165 277 -82 359 -25 130 0.956174329767572 1.1200145390915 -0.045039586533281
"1021763504" "1021763504" 38.54064888 -119.4565192 "inv" 2000 "US" 1918 4 100 -90 391 44 22 20 117 77 109 107 106 32 7466 186 -140 326 -83 -43 3.22077481545125 2.95970009388578 3.95596710552856
"1021824609" "1021824609" 34.21167 -117.07667 "inv" 1999 "US" 492 131 224 39 490 58 24 25 159 81 92 140 100 32 7227 297 -8 305 55 220 -0.880309922377116 -1.07380361153133 -3.07500186311933
"1021867975" "1021867975" 40.07850263 -121.5846901 "inv" 1997 "US" 106 142 231 58 579 88 13 44 234 66 66 218 95 32 6800 302 13 289 74 231 -2.27247056896346 -2.16486303053165 -3.20901163403034
"1021986510" "1021986510" 34.21167 -117.07667 "inv" 1999 "US" 2 121 213 26 448 49 30 14 129 95 113 108 71 25 7361 261 -17 278 88 30 1.57461537557129 -1.67828500171184 -2.64845978964419
"1022527694" "1022527694" 40.49257367 -124.0938545 "inv" 2002 "US" 12 71 235 -102 217 24 13 17 68 44 57 54 112 23 13289 320 -162 482 -4 -93 2.70477558571267 5.36592474756714 -2.21507674249407
"1022589258" "1022589258" 37.47389 -119.74278 "inv" 2008 "US" 253 130 221 39 612 77 25 30 217 88 100 194 105 34 7167 301 -5 306 56 217 -1.27410751513584 -1.61059556480784 -2.56442941440067
"1030499212" "1030499212" 43.6 -83.71667 "inv" 1979 "US" 6 144 225 65 726 120 23 48 308 83 83 235 75 30 6308 279 33 246 88 225 -1.95930302031371 -3.94448854415414 -2.47699374191466
"1038569168" "1038569168" 49.83898 8.56779 "nat" 2008 "DE" 1764 62 157 -44 462 62 8 47 174 30 53 139 133 36 7827 264 -104 368 56 156 -0.514394383654001 2.47214866752058 0.791850743735315
"1038571715" "1038571715" 43.91919 28.62956 "nat" 2014 "RO" 2066 78 187 -27 647 97 6 57 251 24 24 201 100 29 8450 267 -76 343 7 187 -1.52521976423655 1.4312480045455 0.435836495518556
"1038960818" "1038960818" 41.9945 -72.6788 "inv" 1925 "US" 2031 59 169 -57 539 81 15 43 208 55 55 123 115 30 8850 262 -116 378 44 169 0.0828622594521834 2.57476005244987 1.01313782183174
"1041319188" "1041319188" 40.648 -105.18806 "inv" 1983 "US" 263 79 203 -49 527 63 29 21 166 110 158 134 82 23 9920 262 -92 354 186 8 3.01858168098843 0.39744245742346 -0.907380121067506
"1041321068" "1041321068" 39.4659 -104.91648 "inv" 2012 "US" 159 82 199 -35 526 69 29 27 186 105 180 122 80 23 9158 259 -76 335 181 85 2.51604139372708 -0.287794082229317 -0.997981602787507
"1041346521" "1041346521" 39.49345 -105.09272 "inv" 1999 "US" 0 101 217 -13 428 51 25 21 138 85 133 96 89 26 9017 284 -57 341 197 -8 2.03853180065554 -0.0192864273668451 -2.45195551187731
"1041352458" "1041352458" 39.5478 -105.09638 "inv" 1981 "US" 342 103 196 14 294 50 5 60 143 26 28 128 135 39 7155 303 -38 341 18 193 -2.25050607768587 1.22127149577255 -2.18307282442795
"1041359484" "1041359484" 40.35681 -105.59448 "inv" 1991 "US" 432 109 206 18 449 58 12 39 171 50 57 154 128 37 7316 311 -32 343 23 201 -1.74953414864622 0.472597499949357 -2.24930700325393
"1041359776" "1041359776" 39.76994 -105.35325 "inv" 1995 "US" 362 102 195 12 300 51 6 58 145 27 29 131 136 40 7127 301 -39 340 17 191 -2.21377332281058 1.21700019886847 -2.06542509297965
"1041365556" "1041365556" 40.98352 -105.40019 "inv" 2000 "US" 1422 69 196 -55 348 65 9 60 165 31 131 31 155 35 9670 307 -134 441 166 -55 0.378698861179239 4.01564008697635 -0.539036891249246
"1041369992" "1041369992" 39.75659 -104.85655 "inv" 2008 "US" 1892 54 174 -58 332 56 14 46 143 43 96 43 153 36 9014 283 -139 422 93 -58 0.802104288013534 4.18322720371065 0.520249674678921
"1041371584" "1041371584" 39.54385 -105.27328 "inv" 2004 "US" 1493 93 207 -17 354 62 8 56 157 27 128 27 162 39 8698 309 -106 415 183 -17 -0.555830912560276 3.10724118700523 -1.45565322316116
"1042743326" "1042743326" 38.80778 -119.77778 "inv" 2008 "US" 1258 70 170 -27 285 34 11 32 99 39 46 97 160 41 7662 290 -92 382 -21 165 -0.833590318775868 3.24506905366536 -0.498630498345614
"1046606659" "1046606659" 37.13717 -118.05363 "inv" 1988 "US" 339 104 214 -6 187 30 5 45 79 22 26 70 129 34 8516 312 -61 373 0 207 -1.33917559477476 2.42763745460238 -3.05752230593199
"164347440" "164347440" 48.06667 -123.06167 "inv" 2005 "US" 34 153 244 64 487 64 16 35 183 66 78 158 97 32 7046 313 19 294 80 240 -1.810558483755 -2.15633663440778 -4.28051936497291
"164347462" "164347462" 46.23833 -119.05833 "inv" 2005 "US" 21 74 147 7 1271 161 58 32 451 194 271 296 46 22 5574 181 -21 202 87 91 2.69984448230613 -6.30685357075428 3.22525233280236
"174504460" "174504460" 36.87892 -104.39634 "inv" 1991 "US" 1152 58 151 -37 433 47 20 23 131 75 93 119 152 41 7302 272 -97 369 -29 148 0.124107962563454 2.45633372386875 0.740254820644165
"176910247" "176910247" 38.31639 -103.34917 "inv" 2000 "US" 1915 16 108 -73 672 86 24 32 243 94 114 230 144 40 7089 222 -136 358 -63 106 0.765178634231293 2.37355588570415 4.36180323147043
"176910249" "176910249" 39.28789 -102.98763 "inv" 1972 "US" 591 100 189 19 337 41 9 34 116 39 49 104 138 41 6678 296 -37 333 23 186 -1.55424088675124 1.02919720656094 -2.01059463637569
"185840776" "185840776" 39.422 -104.9571 "inv" NA "US" 142 110 199 24 525 103 5 76 282 30 30 263 125 39 6888 295 -25 320 29 199 -3.3615455416706 -0.3350219699583 -1.26650214348558
"185840779" "185840779" 39.6467 -105.1551 "inv" NA "US" 994 82 165 7 235 33 10 38 93 33 45 84 162 47 6210 288 -55 343 11 162 -1.58523444224336 2.08332413040864 -1.02232591839598
"185840781" "185840781" 40.2669 -105.539 "inv" NA "US" 1448 58 157 -40 326 41 13 31 116 47 57 107 162 41 7615 279 -109 388 -32 152 -0.453254548599381 3.43665792161558 0.442473837647755
"185841559" "185841559" 39.6468 -104.8314 "inv" NA "US" 1448 58 157 -40 326 41 13 31 116 47 57 107 162 41 7615 279 -109 388 -32 152 -0.460780353036002 3.45152190362713 0.441590391731886
"185841852" "185841852" 40.42973 -105.34095 "inv" NA "US" 696 89 180 3 320 46 9 46 136 36 39 121 125 38 6933 280 -46 326 8 179 -1.29624969012481 1.13852123522157 -1.2943083222095
"199563807" "199563807" 49.64 6.14 "nat" 1948 "LU" 564 93 184 7 302 45 7 48 132 31 35 119 126 38 6924 283 -43 326 12 182 -1.3684841363718 0.887590967381462 -1.57906448420782
"20713174" "20713174" 59.18695 10.95151 "nat" 1905 "NO" 559 90 177 6 470 78 8 57 219 41 42 205 140 42 6704 288 -45 333 10 175 -2.10475747268011 0.269318337418398 -0.520010392496849
"20713176" "20713176" 58.15342 7.97459 "nat" 1893 "NO" 887 72 167 -18 769 105 25 39 303 96 111 285 127 37 7219 275 -66 341 -12 162 -0.629072043737252 -0.514788747246101 1.34154324533579
"20713184" "20713184" 58.24846 7.95311 "nat" 1897 "NO" 1381 101 197 12 223 36 8 47 93 27 28 93 176 45 7231 320 -66 386 12 192 -2.27724588585076 2.46616422151262 -2.03039772825828
"209943324" "209943324" 35.9829 -105.9237 "inv" 2004 "US" 1539 75 176 -18 227 25 9 25 69 39 48 59 175 44 7560 303 -93 396 105 170 -0.900445639568598 3.62895260004215 -1.24237387098268
"216492645" "216492645" 39.1 -104.8 "inv" 1997 "US" 1888 50 152 -47 334 39 16 27 107 54 66 96 178 43 7728 283 -130 413 -36 148 -0.345580961299098 4.23284334277409 0.930184622248606
"216492992" "216492992" 38.594 -109.29 "inv" 1999 "US" 2311 55 163 -55 412 45 23 18 129 88 111 88 179 41 8475 277 -154 431 157 95 0.922363248385225 4.02119770283511 0.898186826178319
"216493121" "216493121" 47.332 -116.663 "inv" 1949 "US" 1145 42 130 -45 1211 199 36 57 569 124 124 518 104 34 6882 212 -89 301 -38 130 -0.828184395996977 -2.24327798431825 5.63156064377624
"216493128" "216493128" 41.906 -118.964 "inv" 1978 "US" 331 98 199 -2 208 33 6 46 91 25 30 84 143 39 7833 304 -60 364 2 193 -1.51573815540639 2.18186377582744 -2.40997966536533
"216493161" "216493161" 41.919 -115.424 "inv" 1985 "US" 1139 60 150 -26 717 98 18 44 289 77 88 268 133 39 6887 262 -76 338 -20 148 -1.00327150525102 0.572522838587673 1.92502921539723
"216493162" "216493162" 41.39 -82.551 "inv" 1998 "US" 942 61 166 -46 412 68 11 52 190 47 53 171 122 33 8299 265 -98 363 -39 163 -0.449883420651299 2.24781000381672 0.595737190973132
"217906593" "217906593" 38.1 -3.1 "nat" NA "ES" 421 90 188 -8 256 42 6 53 118 27 32 109 141 39 7621 292 -64 356 -3 183 -1.57727981795242 2.12780740441049 -1.63757360414599
"217911153" "217911153" 38.1 -3.1 "nat" NA "ES" 1084 45 151 -65 475 76 21 45 206 71 77 190 130 34 8413 250 -124 374 -57 146 0.324199289238327 2.54686508827885 1.86486649018955
"217911777" "217911777" 38.1 -3.1 "nat" NA "ES" 1043 52 148 -43 765 135 15 64 380 69 70 349 115 34 7481 240 -91 331 -37 146 -1.30185722142833 0.405597388348947 2.98043340578723
"224897438" "224897438" 41 -124 "inv" NA "US" 3 110 174 51 945 149 20 58 434 85 85 393 86 38 4893 239 16 223 55 174 -2.54600663019953 -4.39427653778817 0.767818993812345
"224897443" "224897443" 39 -120 "inv" NA "US" 741 74 178 -26 624 88 24 39 251 83 98 226 127 35 7957 284 -74 358 -20 171 -0.577677254482195 0.791529497386872 0.456980001595756
"224897455" "224897455" 39 -120 "inv" NA "US" 67 97 154 42 583 88 18 46 247 72 72 226 89 41 4454 220 6 214 45 154 -1.20141031885007 -2.88542077358688 0.110599485848377
"224897484" "224897484" 38 -120 "inv" NA "US" 127 120 221 21 211 31 5 43 86 24 27 78 130 37 7748 320 -29 349 26 214 -1.92481666965966 1.37192900286787 -3.77981525339011
"224897620" "224897620" 40 -122 "inv" NA "US" 1999 93 194 -3 378 74 9 72 193 29 193 29 167 43 7701 288 -96 384 194 -3 -0.963093786443905 2.35581179139289 -0.602882930493059
"224897634" "224897634" 38 -120 "inv" NA "US" 1293 111 234 -10 314 61 7 65 150 22 142 22 181 40 9450 339 -111 450 209 -10 -1.21545552851326 3.62623478355996 -2.62424265016777
"224897648" "224897648" 40 -124 "inv" NA "US" 2281 37 150 -82 376 42 20 22 120 70 119 70 178 40 8923 266 -171 437 142 -82 1.94060649356391 4.85901322948079 1.76367390013537
"224897790" "224897790" 34 -117 "inv" NA "US" 1719 94 203 -5 424 66 13 42 163 46 139 46 159 40 8093 300 -92 392 176 -5 -0.425908693172586 2.43986563164858 -1.18586335953301
"224897939" "224897939" 34 -117 "inv" NA "US" 2147 65 164 -24 418 61 13 45 165 44 152 44 157 42 7378 266 -102 368 140 -24 0.141114867135911 2.73015626623496 0.648665294894321
"235127526" "235127526" 50.7836 4.36183 "nat" NA "BE" 2384 48 146 -42 452 57 19 36 162 62 158 62 162 43 7363 251 -124 375 123 -42 1.10509626178707 2.72189637771746 1.80997135055749
"296440620" "296440620" 40.261 29.829 "nat" 1988 "TR" 1616 79 196 -30 392 68 6 69 200 24 177 24 169 40 8806 306 -116 422 169 -30 -0.545417217879287 3.40800006403636 -0.558451139260883
"319555389" "319555389" 39.62 -105.18 "inv" 1999 "US" 1944 99 203 -4 321 61 13 56 152 42 140 42 174 43 8046 304 -95 399 195 -4 -0.829039092243947 2.75619522295206 -1.29285434158551
"319555393" "319555393" 39.7 -105.68 "inv" 2000 "US" 2270 59 162 -36 466 77 10 59 207 38 207 38 167 42 7735 265 -125 390 162 -36 0.159037583194638 3.01186359055394 1.2939379413174
"325519741" "325519741" 49.99 6 "nat" NA "LU" 2596 32 132 -64 466 55 26 25 152 83 152 83 166 42 7652 239 -149 388 132 -64 2.05924701279573 3.22962671934147 2.74241714454703
"325519769" "325519769" 49.64 6.13 "nat" 1951 "LU" 2004 86 202 -26 348 38 16 20 108 69 88 77 147 36 8822 303 -102 405 153 127 0.336021374271283 2.76001015447446 -1.40730861425164
"332160836" "332160836" 43.39912 5.32403 "nat" 2008 "FR" 25 115 200 32 704 130 7 73 368 39 39 344 120 39 6610 289 -14 303 37 200 -3.67323857504892 -1.58681679592363 -0.717634475452885
"415904179" "415904179" 42.26666 -71.8 "inv" 1976 "US" 1709 49 162 -67 402 59 14 43 164 50 60 159 164 38 8868 285 -140 425 -51 157 -0.496393273105638 4.23008612983517 1.21961231535992
"415904180" "415904180" 41.96222 -72.84 "inv" 1941 "US" 952 68 163 -21 782 107 25 40 309 97 112 290 126 37 7207 270 -70 340 -15 159 -0.75764590487149 -0.0899815495151493 1.61281970807028
"415904181" "415904181" 41.98333 -72.69166 "inv" 1941 "US" 1377 85 188 -10 210 24 8 25 64 36 44 55 176 43 7700 316 -85 401 117 181 -1.07663664563278 3.37097393416347 -1.95590315931225
"415904182" "415904182" 41.98333 -72.69166 "inv" 1941 "US" 1462 97 191 10 275 45 9 53 119 32 32 119 184 47 7045 315 -73 388 10 191 -2.73000512414478 2.83362769044452 -1.45282972017638
"441720167" "441720167" 47.65417 -117.45556 "inv" 1992 "US" 793 148 238 69 467 60 6 46 167 35 35 147 118 37 6654 333 18 315 101 238 -3.13741380599951 -0.973803991269592 -4.20369550405194
"441720169" "441720169" 48.76667 -121.13333 "inv" 1975 "US" 793 148 238 69 467 60 6 46 167 35 35 147 118 37 6654 333 18 315 101 238 -3.12391202010088 -1.00047094819242 -4.20211054423675
"441720876" "441720876" 48.60556 -120.20111 "inv" 2004 "US" 1898 70 154 -5 643 113 11 67 303 42 42 303 151 45 6355 262 -70 332 -5 154 -2.79843842556545 0.821086531518308 1.96548809388264
"441720901" "441720901" 48.47667 -123.03167 "inv" 2007 "US" 1635 95 180 25 1139 200 5 79 557 31 39 557 142 45 6273 281 -34 315 25 179 -5.40446657708046 -1.72481913261165 2.54477957898262
"441986212" "441986212" 44.33333 28.33333 "nat" 1914 "RO" 1635 95 180 25 1139 200 5 79 557 31 39 557 142 45 6273 281 -34 315 25 179 -5.4547519609773 -1.62550203661467 2.53887663300446
"466086563" "466086563" 49 -117 "inv" 1971 "CA" 1043 149 230 80 558 103 3 77 280 20 35 275 162 49 5992 338 10 328 86 228 -5.49804805081932 -0.866212856032563 -2.81382533806241
"466086952" "466086952" 50 -119 "inv" 1947 "CA" 80 101 171 27 810 75 54 10 221 178 211 199 83 35 5661 227 -8 235 68 63 2.31040055044749 -4.22638532543361 0.24247946310118
"466089783" "466089783" 49.5 -119.58333 "inv" 1939 "CA" 1448 58 157 -40 326 41 13 31 116 47 57 107 162 41 7615 279 -109 388 -32 152 -0.34119761432464 3.21533775985001 0.455628078069971
"466090938" "466090938" 49.81667 -119.48333 "inv" 1951 "CA" 1542 101 215 -5 381 65 12 50 160 38 133 38 156 38 8577 313 -90 403 189 -5 -0.406927755046218 2.21641008527388 -1.80970079095111
"466092913" "466092913" 49 -121 "inv" 1977 "CA" 220 131 208 57 633 85 17 33 222 88 88 174 92 35 5870 274 12 262 139 208 -1.22119570149969 -2.9934269360355 -2.38341879892753
"466094533" "466094533" 50 -121 "inv" 1952 "CA" 116 90 207 -33 1188 107 84 7 313 271 300 275 122 31 9228 286 -99 385 139 -20 3.97860590146052 -2.64562407301182 1.21785208577214
"466095830" "466095830" 49 -119 "inv" 1950 "CA" 50 96 213 -27 1141 103 79 7 300 260 289 263 121 31 9239 293 -92 385 144 -15 3.6753117335903 -2.52900701972931 0.665817612194416
"466096235" "466096235" 50.25 -119.25 "inv" 1975 "CA" 587 75 171 -20 824 163 12 78 457 55 55 420 135 38 7473 276 -72 348 -15 171 -3.03828598345753 -0.376591590358574 2.12122518445347
"466096674" "466096674" 49.8 -124.6 "inv" 1997 "CA" 174 114 224 4 169 29 5 45 73 22 24 65 131 35 8529 320 -50 370 10 216 -1.46026188593185 1.88046385900698 -3.65776883768161
"466097551" "466097551" 49 -119 "inv" 1961 "CA" 545 90 192 -9 449 62 17 38 177 59 71 161 122 34 7868 294 -55 349 -4 187 -0.696354109194037 0.72233163211225 -1.16838090146002
"466097845" "466097845" 50 -119 "inv" 1958 "CA" 331 98 199 -2 208 33 6 46 91 25 30 84 143 39 7833 304 -60 364 2 193 -1.41750583624817 1.98784818092101 -2.39844828132558
"466100292" "466100292" 50 -121 "inv" 1972 "CA" 1139 60 150 -26 717 98 18 44 289 77 88 268 133 39 6887 262 -76 338 -20 148 -0.905196959770722 0.378818857559894 1.93654207855825
"466101159" "466101159" 49.03333 -118.43333 "inv" 1925 "CA" 1084 45 151 -65 475 76 21 45 206 71 77 190 130 34 8413 250 -124 374 -57 146 0.456890957390308 2.28478990613674 1.88044301935477
"466101860" "466101860" 50.28333 -121.75 "inv" 1949 "CA" 7 114 194 34 1124 198 11 70 565 63 63 531 112 39 6322 278 -9 287 40 194 -4.2829179334717 -3.65850299898004 1.21034736974951
"466295708" "466295708" 49.5 -119.58333 "inv" 1939 "CA" 41 92 179 3 567 67 35 21 184 112 184 126 83 30 6887 239 -31 270 179 13 2.42158366564415 -2.32082234933982 -0.708526481426122
"466295711" "466295711" 49 -118 "inv" 1939 "CA" 472 97 177 21 1681 275 19 62 787 107 111 719 140 44 6129 290 -25 315 25 175 -5.18743163341307 -4.5363945636375 4.18434949335115
"474263714" "474263714" 65.0231 25.40523 "nat" 1948 "FI" 1436 26 125 -70 483 54 30 18 143 93 134 132 102 31 7672 211 -117 328 -64 -20 3.26858362005754 1.19828621216556 2.89749064299763
"474263835" "474263835" 65.0231 25.40523 "nat" 1948 "FI" 1185 43 145 -60 311 35 17 22 92 60 92 82 116 33 7966 237 -112 349 145 -2 2.62922247114365 1.84685698950576 0.821876659957657
"51793190" "51793190" 45.3746 -117.3431 "inv" 1966 "US" 359 90 194 -16 485 75 21 48 215 66 68 193 99 29 8122 272 -59 331 -10 170 -0.296713541748657 0.1210928903334 -0.753642971495653
"51793773" "51793773" 45.1667 -121.2503 "inv" 1949 "US" 901 55 155 -47 466 63 27 32 179 87 92 164 107 32 7823 237 -94 331 -39 54 1.4650412307393 1.06810197707724 1.33061381054838
"51793908" "51793908" 45.5947 -121.1775 "inv" 1956 "US" 359 90 194 -16 485 75 21 48 215 66 68 193 99 29 8122 272 -59 331 -10 170 -0.294042312017161 0.115817027664892 -0.753329398771765
"51794088" "51794088" 45.393 -121.1719 "inv" 1951 "US" 513 78 185 -31 460 55 27 22 146 89 110 134 135 36 8341 290 -83 373 -23 135 0.567316296889617 1.43348615424866 -0.525087473747686
"60070118" "60070118" 38.6 -109.34 "inv" 1976 "US" 502 70 175 -39 447 53 25 21 134 82 124 126 111 31 8293 265 -90 355 -29 25 1.6265500647328 1.39332932435378 0.00450423372763988
"60070560" "60070560" 41.91 -115.42 "inv" 1985 "US" 1436 26 125 -70 483 54 30 18 143 93 134 132 102 31 7672 211 -117 328 -64 -20 2.98807294351493 1.75231411513465 2.86456180281365
"60070772" "60070772" 34.21 -117.07 "inv" 1994 "US" 1070 51 154 -52 373 42 23 21 110 77 103 98 123 34 8040 252 -105 357 92 6 1.95853598206878 2.29321648589829 0.630695791707487
"60070892" "60070892" 38.38 -109.87 "inv" 2003 "US" 1070 51 154 -52 373 42 23 21 110 77 103 98 123 34 8040 252 -105 357 92 6 2.00914492336971 2.19326034174709 0.636636719733896
"617297299" "617297299" 39.02 -3.46 "nat" NA "ES" 359 90 194 -16 485 75 21 48 215 66 68 193 99 29 8122 272 -59 331 -10 170 -0.373835742801637 0.273414548276615 -0.76269626196007
"618293663" "618293663" 38.93 -3.46 "nat" NA "ES" 611 72 179 -38 309 34 13 27 97 48 97 85 112 31 8406 266 -95 361 179 27 1.57367287781813 1.95424188305423 -1.04571781652031
"618293974" "618293974" 39.02 -3.46 "nat" NA "ES" 892 57 158 -46 361 43 18 24 120 63 96 111 106 31 7981 239 -101 340 -40 13 1.73255650840975 1.9395152738671 0.677444747974605
"668748026" "668748026" 48.55556 -68.23056 "inv" 1978 "CA" 499 81 182 -20 527 79 25 45 226 78 79 205 98 30 7863 260 -64 324 -15 159 0.0926858024557306 -0.12866106969007 -0.00175786433271005
"668748027" "668748027" 48.55556 -68.23056 "inv" 1978 "CA" 359 90 194 -16 485 75 21 48 215 66 68 193 99 29 8122 272 -59 331 -10 170 -0.258108021863615 0.0448443300698033 -0.749111111923738
"668748028" "668748028" 48.55556 -68.23056 "inv" 1978 "CA" 954 56 159 -49 297 33 16 22 89 57 89 78 117 33 8057 252 -100 352 159 11 2.07129554826802 2.01106494692563 -0.0651889945888356
"668748029" "668748029" 46.78889 -71.30306 "inv" 2002 "CA" 442 86 189 -16 305 34 17 21 91 60 89 80 115 33 7932 282 -61 343 167 41 1.23691057089279 0.967065163621353 -1.85346539165617
"689571" "689571" 40.83333 23.85 "nat" 2000 "GR" 27 51 158 -48 649 78 33 31 221 103 197 134 64 21 8037 208 -87 295 145 -16 3.68478188899861 -1.0265280800319 1.23803099258059
"695807123" "695807123" 51.86 12.08 "nat" NA "DE" 31 97 167 26 774 74 50 11 216 162 216 184 76 34 5534 219 -4 223 167 56 2.60894461103204 -4.45069443043457 0.0645653508317232
"695807133" "695807133" 51.16 14.92 "nat" NA "DE" 106 24 146 -107 923 87 60 11 252 194 243 234 94 24 9746 216 -169 385 136 -52 5.67426713196519 -0.0452573233749885 3.53191981743665
"695807140" "695807140" 49.46 8.42 "nat" NA "DE" 58 92 177 8 491 60 29 26 170 90 170 94 81 31 6609 235 -23 258 177 17 2.08586554907072 -2.15825807486302 -0.966613636527488
"695807141" "695807141" 49.46 11.08 "nat" NA "DE" 33 101 175 25 808 83 48 13 229 169 227 195 79 33 5841 231 -5 236 160 60 2.37517678450341 -4.33622251204943 -0.0804272208465453
"695807147" "695807147" 48.66 9.92 "nat" NA "DE" 207 84 171 -4 616 77 34 25 214 112 214 122 76 28 6836 227 -36 263 171 5 2.69000157919438 -2.45630081942485 -0.0273869563980035
"695807152" "695807152" 52.56 13.25 "nat" NA "DE" 116 90 177 2 593 78 32 28 213 103 213 110 78 29 6822 234 -30 264 177 11 2.39096360536748 -2.56087233404151 -0.432195935687186
"695807172" "695807172" 51.66 14.08 "nat" NA "DE" 46 91 178 1 577 70 35 21 188 113 188 129 82 30 6909 239 -33 272 178 42 2.37895378274796 -2.38058755515382 -0.634496443459996
"695807175" "695807175" 51.56 11.58 "nat" NA "DE" 66 92 180 -1 555 66 32 23 188 105 188 115 80 29 7020 239 -34 273 180 10 2.46430618730479 -2.20416353617763 -0.749487177376813
"695807182" "695807182" 51.46 11.75 "nat" NA "DE" 137 87 170 5 512 65 30 26 178 96 178 97 80 31 6441 228 -25 253 170 14 2.26204255410064 -2.31395349015391 -0.527353448839711
"695807184" "695807184" 51.46 12.08 "nat" NA "DE" 84 90 175 8 490 61 29 27 172 90 172 92 81 31 6537 233 -22 255 175 16 2.12102102223742 -2.23530861111586 -0.859262876950407
"695807187" "695807187" 51.36 11.92 "nat" NA "DE" 89 91 176 6 504 61 29 25 175 92 175 97 81 31 6605 234 -24 258 176 15 2.16615703613956 -2.21768236988906 -0.849502951745388
"695807207" "695807207" 49.56 8.42 "nat" NA "DE" 141 88 172 2 542 63 31 24 186 100 186 105 80 30 6650 231 -30 261 172 11 2.38990619333732 -2.22113232873791 -0.520178663151169
"695807208" "695807208" 49.56 8.58 "nat" NA "DE" 38 102 177 24 810 86 49 14 232 171 228 195 82 33 5955 236 -7 243 162 60 2.32467810312652 -4.25169096527884 -0.120533278353813
"695807209" "695807209" 49.46 8.25 "nat" NA "DE" 128 97 172 21 861 88 55 13 247 180 247 210 79 33 5878 228 -10 238 172 56 2.68176140447196 -4.53776616603659 0.348420708249925
"695807217" "695807217" 49.06 8.08 "nat" NA "DE" 92 99 174 23 804 84 54 14 242 166 242 189 81 33 5875 231 -8 239 174 57 2.55689163689034 -4.34321624705981 0.0466625330740395
"695807229" "695807229" 52.56 14.08 "nat" NA "DE" 326 89 175 3 652 76 39 22 219 129 219 136 90 33 6699 239 -33 272 175 14 2.38906874762655 -2.59354860765551 -0.0793109613819801
"695807231" "695807231" 52.46 13.42 "nat" NA "DE" 218 94 174 12 695 75 44 16 213 142 213 159 87 33 6362 237 -24 261 174 52 2.38661797058707 -3.20013202708396 -0.179332951028479
"695807246" "695807246" 51.36 12.25 "nat" NA "DE" 81 88 177 -7 555 65 32 23 187 105 187 116 79 28 7129 236 -41 277 177 4 2.65397061593796 -2.02669088925349 -0.55444644806595
"695807251" "695807251" 51.26 12.42 "nat" NA "DE" 140 87 170 6 519 66 30 25 179 98 179 98 80 31 6398 228 -25 253 170 6 2.29517779957729 -2.35151031292648 -0.502342890145042
"695807264" "695807264" 50.76 6.08 "nat" NA "DE" 116 90 174 4 520 61 30 24 179 96 179 100 81 31 6638 233 -27 260 174 13 2.26213404517099 -2.19513050319049 -0.706498700330888
"695807267" "695807267" 49.56 8.42 "nat" NA "DE" 131 88 171 7 515 66 29 29 185 92 185 94 82 32 6408 231 -23 254 171 16 2.04319767732863 -2.26312622123082 -0.573243181174739
"695807274" "695807274" 48.56 7.75 "nat" NA "DE" 167 86 167 7 548 75 29 30 199 98 199 98 83 32 6267 229 -27 256 167 15 2.04206448852515 -2.35284963549127 -0.248440870957229
"70463077" "70463077" 47.65417 -117.45556 "inv" 1992 "US" 105 99 172 24 802 82 53 14 239 167 239 188 79 33 5789 227 -6 233 172 57 2.56029396820399 -4.38270801810423 0.0812234377711301
"70463083" "70463083" 48.76667 -121.13333 "inv" 1975 "US" 284 80 162 -4 540 69 28 27 187 94 187 94 86 33 6463 222 -37 259 162 6 2.22342087519785 -1.88651682105596 0.0516525314436035
"725174669" "725174669" 63.1326 21.54034 "nat" 1947 "FI" 97 102 185 18 651 76 42 20 212 129 212 139 86 32 6485 247 -15 262 185 31 2.31456693353569 -3.48090044175047 -0.804293922844159
"725174672" "725174672" 61.49327 23.71066 "nat" 1917 "FI" 102 104 187 19 695 80 43 19 216 138 216 149 88 32 6547 252 -15 267 187 32 2.26223346007807 -3.53812955529957 -0.798704041563837
"725174680" "725174680" 61.49327 23.71066 "nat" 1960 "FI" 142 102 184 18 652 80 37 26 219 114 217 118 87 32 6451 249 -16 265 168 32 1.96758291624035 -3.21899538609192 -0.777761017904656
"727819194" "727819194" 40.15677 22.54818 "nat" 2008 "GR" 124 35 148 -74 582 78 27 33 212 88 203 108 82 24 8622 212 -122 334 132 -34 3.72855287400277 0.561725315089606 1.85241212422415
"727819197" "727819197" 40.85102 25.79317 "nat" 2008 "GR" 124 35 148 -74 582 78 27 33 212 88 203 108 82 24 8622 212 -122 334 132 -34 3.73697859522536 0.545083935454841 1.85340121038298
"727819201" "727819201" 44.11052 28.63703 "nat" 2008 "RO" 1247 61 160 -37 401 53 16 33 148 61 77 135 156 40 7649 281 -102 383 -29 156 -0.373733058321577 2.68670732357942 0.534399249282265
"788621230" "788621230" 58.27884 12.27909 "nat" 2009 "SE" 176 106 200 3 573 69 33 23 182 107 178 121 91 29 7700 267 -40 307 185 20 2.04923141697785 -1.8869313937291 -1.49905192489297
"788630655" "788630655" 58.27884 12.27909 "nat" 2009 "SE" 5 119 213 23 424 45 28 13 118 89 110 100 70 25 7457 260 -20 280 85 28 1.92249646654353 -2.02668620681139 -2.66258246264951
"788689105" "788689105" 55.41965 12.84995 "nat" 1907 "SE" 253 130 221 39 612 77 25 30 217 88 100 194 105 34 7167 301 -5 306 56 217 -1.0563099337352 -2.04076078626175 -2.53886239556633
"833455579" "833455579" 49.46667 8.46667 "nat" 1973 "DE" 18 57 156 -36 551 70 27 32 198 85 187 113 70 24 7494 209 -74 283 143 -5 3.24884685239683 -1.16913999497277 0.802515936350829
"852324546" "852324546" 58.3015 12.3074 "nat" 2009 "SE" 92 96 177 14 551 58 34 18 172 106 172 120 85 32 6317 239 -19 258 177 56 2.12244111344164 -2.74271692412593 -0.960636337579713
"852325946" "852325946" 58.3015 12.3074 "nat" 2009 "SE" 142 96 177 12 574 63 34 20 182 106 182 125 83 32 6415 238 -20 258 177 55 2.11164788626883 -2.79264678653487 -0.820480648256781
"859763858" "859763858" 58.2993 12.3058 "nat" 2013 "SE" 42 68 157 -17 759 84 40 24 248 128 207 169 67 26 6790 205 -49 254 76 12 3.20275338514575 -2.98282214766399 1.30966774241586
"895225083" "895225083" 39.39319 -1.83837 "nat" 2011 "ES" 42 68 157 -17 759 84 40 24 248 128 207 169 67 26 6790 205 -49 254 76 12 2.97330057669993 -2.52963705018235 1.28273252928172
"895314727" "895314727" 40.9333 25.92 "nat" 1994 "GR" 42 68 157 -17 759 84 40 24 248 128 207 169 67 26 6790 205 -49 254 76 12 2.99199202432271 -2.56655394638588 1.28492669778597
"918837486" "918837486" 50.23333 -121.56667 "inv" 1972 "CA" 1185 43 145 -60 311 35 17 22 92 60 92 82 116 33 7966 237 -112 349 145 -2 2.44972736280208 2.20137218904607 0.800805926361219
"918837610" "918837610" 49.03333 -118.43333 "inv" 1939 "CA" 1436 26 125 -70 483 54 30 18 143 93 134 132 102 31 7672 211 -117 328 -64 -20 3.07452478760059 1.58156576973499 2.87471028982524
"918837808" "918837808" 49.51583 -119.57361 "inv" 1939 "CA" 513 78 185 -31 460 55 27 22 146 89 110 134 135 36 8341 290 -83 373 -23 135 0.617352762468451 1.33466068907099 -0.519213748017442
"918839974" "918839974" 50 -121 "inv" 1952 "CA" 1287 32 133 -71 648 78 41 18 198 145 175 161 132 34 8005 231 -150 381 73 93 2.89303619326097 1.34029673270075 2.9767762477406
"918840792" "918840792" 50.25 -119.25 "inv" 1975 "CA" 901 55 155 -47 466 63 27 32 179 87 92 164 107 32 7823 237 -94 331 -39 54 1.52673437973572 0.946253759436043 1.33785590154039
"918840983" "918840983" 49.8 -124.6 "inv" 1997 "CA" 359 90 194 -16 485 75 21 48 215 66 68 193 99 29 8122 272 -59 331 -10 170 -0.243004954498498 0.0150147319816696 -0.747338179436163
"918842721" "918842721" 50 -121 "inv" 1972 "CA" 1070 51 154 -52 373 42 23 21 110 77 103 98 123 34 8040 252 -105 357 92 6 2.15017031855361 1.91472547483176 0.653191535960964
"918843128" "918843128" 49.03333 -118.43333 "inv" 1940 "CA" 598 62 168 -47 528 60 29 20 160 96 146 148 112 31 8309 258 -100 358 -38 17 2.07124715508272 1.03706944012217 0.77289700931852
"918843205" "918843205" 50.16667 -119.35 "inv" 1952 "CA" 901 55 155 -47 466 63 27 32 179 87 92 164 107 32 7823 237 -94 331 -39 54 1.52572305046027 0.948251204398181 1.33773718270767
"918843322" "918843322" 50.23333 -121.56667 "inv" 1971 "CA" 1070 51 154 -52 373 42 23 21 110 77 103 98 123 34 8040 252 -105 357 92 6 2.15300211334348 1.90913248511598 0.653523957240677
"918843915" "918843915" 49.5 -119.66667 "inv" 1965 "CA" 359 90 194 -16 485 75 21 48 215 66 68 193 99 29 8122 272 -59 331 -10 170 -0.246645885527343 0.0222058214889501 -0.74776558433015
"918939142" "918939142" 49.5 -119.58333 "inv" 1939 "CA" 359 90 194 -16 485 75 21 48 215 66 68 193 99 29 8122 272 -59 331 -10 170 -0.246645885527343 0.0222058214889501 -0.74776558433015
"918965084" "918965084" 44.6922 -118.06294 "inv" 2009 "US" 954 56 159 -49 297 33 16 22 89 57 89 78 117 33 8057 252 -100 352 159 11 2.02440812393604 2.10367083878846 -0.0706930578262718
"918965849" "918965849" 40.15677 22.54818 "nat" 2008 "GR" 327 94 198 -11 297 33 16 21 88 61 81 84 116 33 8106 291 -57 348 -3 92 0.478175295551695 1.34460997068348 -2.03848738658074
"918965851" "918965851" 40.85102 25.79317 "nat" 2008 "GR" 1206 49 153 -52 674 85 35 28 238 113 139 220 107 30 8064 245 -101 346 -46 148 1.36707718057522 0.703185653226337 2.12144651198169
"918965852" "918965852" 43.38222 28.45767 "nat" 2008 "BG" 442 86 189 -16 305 34 17 21 91 60 89 80 115 33 7932 282 -61 343 167 41 1.19556573586602 1.04872405992724 -1.85831881642349
"918965856" "918965856" 47.642 18.78257 "nat" 2008 "HU" 390 88 191 -13 305 34 17 20 90 62 87 81 114 33 7883 283 -56 339 170 44 1.21432543307916 0.790997010679142 -1.9945428437738
"921001378" "921001378" 44.02146 28.57956 "nat" 2010 "RO" 253 130 221 39 612 77 25 30 217 88 100 194 105 34 7167 301 -5 306 56 217 -1.19464334588074 -1.76754277122512 -2.55510120286161
"921008197" "921008197" 43.81359 28.5175 "nat" 2012 "RO" 5 119 213 23 424 45 28 13 118 89 110 100 70 25 7457 260 -20 280 85 28 1.74693987466023 -1.6799498484941 -2.68319085812529
"921010928" "921010928" 44.02146 28.57956 "nat" 2010 "RO" 115 103 185 18 666 79 42 21 219 131 219 140 86 32 6509 246 -17 263 185 30 2.08107869633371 -3.06889622776831 -0.752674001060187
"924817466" "924817466" 44.89556 -85.41639 "inv" 1964 "US" 97 99 182 13 619 69 38 19 198 121 198 132 89 33 6578 247 -22 269 182 26 2.04156726370653 -2.57403928285867 -0.823415614741307
"924817534" "924817534" 44.89556 -85.41639 "inv" 1964 "US" 106 103 185 19 669 79 43 20 219 132 219 141 86 32 6490 247 -16 263 185 31 2.11152893253314 -3.13359375105976 -0.766952812547414
"BG001" "BG001" 43.3819444444444 28.4575 "nat" 2008 "BG" 81 107 203 0 528 71 28 27 182 90 173 106 100 31 7858 272 -47 319 188 19 1.47713959231488 -1.02217973733407 -1.69678744804179
"CA001" "CA001" 49.0149388888889 -122.882097222222 "inv" 2008 "CA" 115 103 185 18 666 79 42 21 219 131 219 140 86 32 6509 246 -17 263 185 30 2.14168173709516 -3.18859140657736 -0.745559876676427
"CA006" "CA006" 49.3201805555556 -118.370436111111 "inv" 2008 "CA" 1894 94 175 23 748 134 3 79 386 35 55 379 158 48 6119 276 -51 327 29 149 -4.28821594261904 -0.0734687125709425 1.45608315092008
"CA012" "CA012" 50.8333333333333 -120.616666666667 "inv" 2009 "CA" 1894 94 175 23 748 134 3 79 386 35 55 379 158 48 6119 276 -51 327 29 149 -4.26985165961907 -0.109739436114908 1.45823891392865
"CA014" "CA014" 49.3499833333333 -119.923508333333 "inv" 2009 "CA" 1778 82 166 11 1207 214 8 77 589 38 48 589 138 44 6234 264 -47 311 11 165 -4.97208000415427 -1.82476175183161 3.66665335007483
"GR001" "GR001" 40.1566666666667 22.5480555555556 "nat" 2008 "GR" 1231 97 178 25 857 160 3 75 428 25 25 428 154 46 6132 292 -37 329 25 178 -4.93561728711458 -0.476753663318214 1.23648646934563
"GR002" "GR002" 40.6213888888889 23.0786111111111 "nat" 2008 "GR" 1724 78 160 7 1498 272 8 78 743 46 51 743 143 45 6165 262 -55 317 7 159 -5.96500370971442 -2.49064675065818 5.24079226504514
"RO002" "RO002" 43.9024333333333 28.5739166666667 "nat" 2005 "RO" 1691 87 181 1 339 53 11 50 143 40 40 143 174 46 7024 297 -79 376 1 181 -2.27782074117488 2.5651365331043 -0.576530390917234
"RO004" "RO004" 45.5761833333333 29.51805 "nat" 2005 "RO" 1894 94 175 23 748 134 3 79 386 35 55 379 158 48 6119 276 -51 327 29 149 -4.3336547281467 0.016276017895758 1.45074914180059
"RU001" "RU001" 51.38333333 56.8 "nat" 2006 "RU" 1894 94 175 23 748 134 3 79 386 35 55 379 158 48 6119 276 -51 327 29 149 -4.26317661943997 -0.122923100131688 1.45902248956288
"RU002" "RU002" 49.1791667 53.2422611 "nat" 2006 "RU" 1894 94 175 23 748 134 3 79 386 35 55 379 158 48 6119 276 -51 327 29 149 -4.28992734835967 -0.070088568380719 1.45588225088014
"RU003" "RU003" 38.1625 54.8 "nat" 2006 "RU" 1894 94 175 23 748 134 3 79 386 35 55 379 158 48 6119 276 -51 327 29 149 -4.42363042710123 0.193984219324536 1.44018699333682
"RU004" "RU004" 60.16666667 55.01666667 "nat" 2006 "RU" 2032 86 166 16 719 128 3 78 368 36 39 362 157 48 6000 266 -58 324 22 140 -3.88050036030282 -0.0376380658669857 1.82433612409746
"RU006" "RU006" 44.13999722 44.02 "nat" 2006 "RU" 1050 127 214 53 947 171 3 81 476 18 25 476 152 45 6474 322 -11 333 53 213 -6.06337981777623 -1.45627237884031 -0.190754249411791
"RU007" "RU007" 45.3258333333333 37.2236111111111 "nat" 2001 "RU" 1497 98 182 27 1317 234 6 79 645 32 43 645 137 44 6272 281 -29 310 27 181 -5.91833290838667 -2.51154485277754 3.12365462124505
"RU008" "RU008" 44.05 43.06000278 "nat" 2006 "RU" 1458 102 185 28 1081 191 8 75 525 37 46 525 147 45 6267 288 -34 322 28 184 -5.23483403777276 -1.5560196995102 1.98451604788023
"TR001" "TR001" 41.7511111111111 27.2477777777778 "nat" 2008 "TR" 1208 123 207 55 1329 231 6 78 639 30 43 639 135 44 6156 303 0 303 55 204 -6.58806527286293 -3.23673469783287 1.6125067840016
"TR002" "TR002" 41.0123777777778 28.975925 "nat" 2006 "TR" 1055 126 212 53 1030 187 3 82 520 19 23 520 148 45 6382 317 -6 323 53 210 -6.32607247601727 -1.842070408677 0.248456422226533
"TR003" "TR003" 38.7672222222222 37.0038888888889 "nat" 2002 "TR" 39 122 159 87 1361 254 3 81 698 28 39 698 92 53 2850 213 41 172 87 155 -6.50790515679515 -6.64223940653815 3.13873948751967
"TR004" "TR004" 38.3672222222222 42.7736111111111 "nat" 2002 "TR" 1055 126 212 53 1030 187 3 82 520 19 23 520 148 45 6382 317 -6 323 53 210 -6.35817523914508 -1.77866524080806 0.244687914127202
"UA002" "UA002" 48.1523333333333 37.8405833333333 "nat" 2006 "UA" 987 130 218 55 917 166 3 81 461 17 24 461 154 45 6514 326 -9 335 55 216 -6.02323228435216 -1.47784352114997 -0.508156244843759
"UA003" "UA003" 50.48075 30.4863055555556 "nat" 2006 "UA" 175 81 203 -49 748 96 30 28 241 115 223 115 108 27 9740 282 -105 387 193 -49 2.67227982716882 0.108248039694191 -0.221979959139932
"UA005" "UA005" 47.862 38.4606944444444 "nat" 2006 "UA" 16 120 212 25 448 49 30 13 129 96 112 109 70 25 7334 259 -17 276 87 29 1.79275461259995 -2.02400090021088 -2.56707987878583
"UA007" "UA007" 48.0922222222222 30.7497222222222 "nat" 2001 "UA" 1590 87 197 -16 369 64 10 53 156 31 127 31 159 39 8311 298 -101 399 173 -16 -0.267910365711642 2.62128529918255 -1.01287668677567
"UA008" "UA008" 46.7572222222222 32.7661111111111 "nat" 2001 "UA" 1835 87 192 -9 432 67 13 43 168 46 145 46 160 41 7847 292 -95 387 167 -9 -0.191047658870964 2.18521335568751 -0.642399294365924
"US001" "US001" 45.6152333333333 -120.787533333333 "inv" 2008 "US" 1676 97 207 -5 429 67 13 42 163 48 139 48 161 40 8261 305 -95 400 181 -5 -0.333709688858265 2.24062512799742 -1.32060647632681
"US014" "US014" 40.1222666666667 -101.280283333333 "inv" 2002 "US" 2447 42 141 -50 427 55 19 36 154 61 151 61 158 42 7461 246 -125 371 117 -50 1.21857007922861 3.13537243326619 2.01037368738258
"US015" "US015" 42.7253611111111 -118.001033333333 "inv" 2002 "US" 2405 47 144 -43 469 61 17 38 170 60 168 60 168 44 7336 250 -130 380 121 -43 0.87592742426117 3.05239769490115 1.99067656101402
"US024" "US024" 34.8557 -110.235983333333 "inv" 2003 "US" 1575 95 187 12 408 68 10 59 183 37 37 183 171 46 6869 304 -65 369 12 187 -3.05013529185827 2.16194985546375 -0.714048680301908
"US025" "US025" 46.8530555555556 -115.59 "inv" 2002 "US" 154 95 170 18 650 67 40 16 196 127 196 157 80 33 5943 227 -13 240 170 55 2.19412599584995 -3.27170166145405 -0.345081193783949
"US026" "US026" 40.3719055555556 -104.472561111111 "inv" 2002 "US" 2305 69 160 -11 275 43 10 45 113 38 40 113 143 42 6778 257 -80 337 -11 134 -1.08340141864963 2.58383646707795 0.369267321323562
