Pop	Origin	tagged	Row	Column	Trt	Mom	Wilt	TotWilt	Yellow	Ending	Death.date	BoltedatH	comments	Harvest.date	Bolt.date	Shoot.mass.gH	Image	lfArea	lfMass	bolt.bin	SLA	sla.log	Mass.log	end.bin	alt	Latitude	Longitude	PC1	PC2	PC3
1	BG001	nat	BG001-1	13	U	control	2	50	NA	53	H	96	Yes		96	92	74		NA	0.098	1	NA	NA	4.30406509320417	1	61	43.3819444444444	28.4575	-0.631001078891932	-1.63115058397275	-2.58930476165658
2	BG001	nat	BG001-2	15	N	drought	5	50	64	50	H	NA	No		117	NA	40		NA	0.048	0	NA	NA	3.68887945411394	1	61	43.3819444444444	28.4575	-0.631001078891932	-1.63115058397275	-2.58930476165658
3	BG001	nat	BG001-3	4	Q	control	5	53	NA	50	H	NA	Yes		60	57	18	montSLA-1-8-4.jpg	5.939	0.042	1	141.404761904762	4.95162642973249	2.89037175789616	1	61	43.3819444444444	28.4575	-0.631001078891932	-1.63115058397275	-2.58930476165658
4	BG001	nat	BG001-4	18	E	control	4	50	64	35	H	NA	No		117	NA	74		NA	0.141	0	NA	NA	4.30406509320417	1	61	43.3819444444444	28.4575	-0.631001078891932	-1.63115058397275	-2.58930476165658
5	BG001	nat	BG001-5	3	U	control	4	NA	NA	NA	H	NA	Yes		46	46	8	montSLA-1-6-5.jpg	8.533	0.064	1	133.328125	4.89281319517691	2.07944154167984	1	61	43.3819444444444	28.4575	-0.631001078891932	-1.63115058397275	-2.58930476165658
6	BG001	nat	BG001-6	4	M	control	2	39	NA	53	H	NA	No		117	NA	78	montSLA-1-8-2.jpg	8.454	0.157	0	53.8471337579618	3.98614917577843	4.35670882668959	1	61	43.3819444444444	28.4575	-0.631001078891932	-1.63115058397275	-2.58930476165658
7	BG001	nat	BG001-7	4	D	drought	4	16	NA	50	H	NA	Yes		53	50	8	montSLA-1-7-3.jpg	10.749	0.08	1	134.3625	4.90054137129918	2.07944154167984	1	61	43.3819444444444	28.4575	-0.631001078891932	-1.63115058397275	-2.58930476165658
8	BG001	nat	BG001-8	4	L	control	2	50	74	64	H	NA	No		117	NA	28	montSLA-1-8-2.jpg	9.291	0.086	0	108.03488372093	4.6824541723878	3.3322045101752	1	61	43.3819444444444	28.4575	-0.631001078891932	-1.63115058397275	-2.58930476165658
9	BG001	nat	RO003-9	3	K	control	5	50	74	71	H	NA	No		117	NA	16	montSLA-1-6-10.jpg	5.023	0.042	0	119.595238095238	4.78411302546668	2.77258872223978	1	61	43.3819444444444	28.4575	-0.631001078891932	-1.63115058397275	-2.58930476165658
10	BG001	nat	US018-7	6	S	control	4	53	78	53	H	NA	No		117	NA	NA	montSLA-1-11-2.jpg	17.893	0.142	0	126.007042253521	4.8363377962906	NA	1	61	43.3819444444444	28.4575	-0.631001078891932	-1.63115058397275	-2.58930476165658
11	BG001	nat	RO002-2	6	P	control	5	NA	NA	NA	DEAD	29	NA		NA	NA	NA	NA	NA	NA	NA	NA	NA	NA	0	61	43.3819444444444	28.4575	-0.631001078891932	-1.63115058397275	-2.58930476165658
12	BG001	nat	RO002-3	4	O	control	5	53	78	42	H	NA	No		117	NA	28	montSLA-1-8-3.jpg	6.724	0.06	0	112.066666666667	4.71909393230641	3.3322045101752	1	61	43.3819444444444	28.4575	-0.631001078891932	-1.63115058397275	-2.58930476165658
13	BG001	nat	RO003-1	14	G	control	5	50	64	53	H	NA	No		117	NA	26		NA	0.085	0	NA	NA	3.25809653802148	1	61	43.3819444444444	28.4575	-0.631001078891932	-1.63115058397275	-2.58930476165658
14	BG001	nat	RO003-2	12	B	drought	5	50	50	78	H	NA	No		117	NA	56	montSLA-1-13.jpg	6.587	0.046	0	143.195652173913	4.9642118921516	4.02535169073515	1	61	43.3819444444444	28.4575	-0.631001078891932	-1.63115058397275	-2.58930476165658
15	BG001	nat	RO003-5	10	K	control	5	50	74	71	H	NA	No		117	NA	40	montSLA-1-13-4.jpg	11.921	0.107	0	111.411214953271	4.7132279952561	3.68887945411394	1	61	43.3819444444444	28.4575	-0.631001078891932	-1.63115058397275	-2.58930476165658
16	BG001	nat	RU001-1	9	U	control	2	39	74	53	H	NA	No		117	NA	168	montSLA-1-13-6.jpg	15.473	0.096	0	161.177083333333	5.08250365702184	5.12396397940326	1	61	43.3819444444444	28.4575	-0.631001078891932	-1.63115058397275	-2.58930476165658
17	BG001	nat	US018-5	15	D	drought	5	35	NA	57	H	NA	No		117	NA	NA		NA	0.118	0	NA	NA	NA	1	61	43.3819444444444	28.4575	-0.631001078891932	-1.63115058397275	-2.58930476165658
18	BG001	nat	US014-5	12	E	drought	4	NA	NA	NA	H	NA	Yes		42	42	6	montSLA-1-13.jpg	14.983	0.12	1	124.858333333333	4.8271797612611	1.79175946922805	1	61	43.3819444444444	28.4575	-0.631001078891932	-1.63115058397275	-2.58930476165658
19	BG001	nat	US014-7	19	K	drought	4	50	71	57	H	NA	No		117	NA	20		NA	0.11	0	NA	NA	2.99573227355399	1	61	43.3819444444444	28.4575	-0.631001078891932	-1.63115058397275	-2.58930476165658
20	BG001	nat	RO003-6	2	P	control	5	NA	NA	NA	H	NA	Yes		50	50	6	montSLA-1-6-4.jpg	10.71	0.08	1	133.875	4.89690652876791	1.79175946922805	1	61	43.3819444444444	28.4575	-0.631001078891932	-1.63115058397275	-2.58930476165658
21	BG001	nat	US018-9	17	I	control	25	39	NA	35	H	NA	No		117	NA	104		NA	0.319	0	NA	NA	4.64439089914137	1	61	43.3819444444444	28.4575	-0.631001078891932	-1.63115058397275	-2.58930476165658
22	BG001	nat	RU001-2	16	I	drought	5	50	71	50	H	NA	No		117	NA	8		NA	0.052	0	NA	NA	2.07944154167984	1	61	43.3819444444444	28.4575	-0.631001078891932	-1.63115058397275	-2.58930476165658
23	BG001	nat	RU001-3	10	P	control	5	NA	NA	NA	DEAD	29	NA		NA	NA	NA	NA	NA	NA	NA	NA	NA	NA	0	61	43.3819444444444	28.4575	-0.631001078891932	-1.63115058397275	-2.58930476165658
24	BG001	nat	US018-8	18	D	control	2	NA	NA	NA	DEAD	29	NA		NA	NA	NA	NA	NA	NA	NA	NA	NA	NA	0	61	43.3819444444444	28.4575	-0.631001078891932	-1.63115058397275	-2.58930476165658
25	BG001	nat	US014-4	14	F	control	4	NA	NA	NA	H	NA	Yes		42	39	12		NA	0.109	1	NA	NA	2.484906649788	1	61	43.3819444444444	28.4575	-0.631001078891932	-1.63115058397275	-2.58930476165658
26	BG001	nat	RU001-6	16	Q	drought	2	NA	NA	NA	DEAD	29	NA		NA	NA	NA	NA	NA	NA	NA	NA	NA	NA	0	61	43.3819444444444	28.4575	-0.631001078891932	-1.63115058397275	-2.58930476165658
27	BG001	nat	US018-4	15	H	drought	25	42	NA	50	H	NA	No		117	NA	62		NA	0.226	0	NA	NA	4.12713438504509	1	61	43.3819444444444	28.4575	-0.631001078891932	-1.63115058397275	-2.58930476165658
28	BG001	nat	EDGE-2	5	O	drought	5	39	78	50	H	NA	No		117	NA	50	montSLA-1-8-8.jpg	8.49	0.062	0	136.935483870968	4.9195098942603	3.91202300542815	1	61	43.3819444444444	28.4575	-0.631001078891932	-1.63115058397275	-2.58930476165658
29	BG001	nat	US014-8	10	D	control	4	50	74	78	H	NA	No		117	NA	136	montSLA-1-13-2.jpg	13.324	0.102	0	130.627450980392	4.8723493860293	4.91265488573605	1	61	43.3819444444444	28.4575	-0.631001078891932	-1.63115058397275	-2.58930476165658
30	BG001	nat	US018-3	16	G	drought	5	53	78	NA	H	NA	No		117	NA	26		NA	0.067	0	NA	NA	3.25809653802148	1	61	43.3819444444444	28.4575	-0.631001078891932	-1.63115058397275	-2.58930476165658
31	BG001	nat	US018-6	3	E	control	5	NA	NA	NA	DEAD	29	NA		NA	NA	NA	NA	NA	NA	NA	NA	NA	NA	0	61	43.3819444444444	28.4575	-0.631001078891932	-1.63115058397275	-2.58930476165658
32	BG001	nat	US018-2	3	P	control	4	39	NA	42	H	NA	Yes		64	64	19	montSLA-1-6-8.jpg	15.705	0.158	1	99.3987341772152	4.59913937894578	2.94443897916644	1	61	43.3819444444444	28.4575	-0.631001078891932	-1.63115058397275	-2.58930476165658
33	BG001	nat	US014-1	19	C	drought	4	35	NA	NA	H	NA	Yes		42	39	5.5		NA	0.049	1	NA	NA	1.70474809223843	1	61	43.3819444444444	28.4575	-0.631001078891932	-1.63115058397275	-2.58930476165658
34	CA001	inv	CA001-7	12	J	drought	3	NA	NA	NA	H	NA	Yes		46	46	15		NA	0.174	1	NA	NA	2.70805020110221	1	24	49.0149388888889	-122.882097222222	-5.303394839265	-6.00112305768984	2.85078631394154
35	CA001	inv	CA001-9	6	E	control	3	42	NA	42	H	NA	Yes		57	53	56	montSLA-1-10-1.jpg	23.654	0.207	1	114.270531400966	4.73856871954569	4.02535169073515	1	24	49.0149388888889	-122.882097222222	-5.303394839265	-6.00112305768984	2.85078631394154
36	CA001	inv	CA001-4	3	J	control	5	39	NA	57	H	NA	No		117	NA	48	montSLA-1-6-10.jpg	11.415	0.101	0	113.019801980198	4.72756304212264	3.87120101090789	1	24	49.0149388888889	-122.882097222222	-5.303394839265	-6.00112305768984	2.85078631394154
37	CA001	inv	CORY2-5	17	E	control	6	NA	NA	NA	DEAD	29	NA		NA	NA	NA	NA	NA	NA	NA	NA	NA	NA	0	24	49.0149388888889	-122.882097222222	-5.303394839265	-6.00112305768984	2.85078631394154
38	CA001	inv	CA001-2	8	C	control	1	39	NA	50	H	NA	Yes	REPOUSSE	50	50	32	montSLA-1-13-16.jpg	22.172	0.143	1	155.048951048951	5.04374088027979	3.46573590279973	1	24	49.0149388888889	-122.882097222222	-5.303394839265	-6.00112305768984	2.85078631394154
39	CA001	inv	CORY1-4	13	E	control	4	NA	NA	NA	DEAD	29	NA		NA	NA	NA	NA	NA	NA	NA	NA	NA	NA	0	24	49.0149388888889	-122.882097222222	-5.303394839265	-6.00112305768984	2.85078631394154
40	CA001	inv	CORY1-6	5	F	drought	1	35	NA	42	H	NA	Yes		53	50	30	montSLA-1-11-2.jpg	27.423	0.234	1	117.192307692308	4.76381624096423	3.40119738166216	1	24	49.0149388888889	-122.882097222222	-5.303394839265	-6.00112305768984	2.85078631394154
41	CA001	inv	CA001-8	12	L	drought	4	39	NA	50	H	NA	No		117	NA	80		NA	0.058	0	NA	NA	4.38202663467388	1	24	49.0149388888889	-122.882097222222	-5.303394839265	-6.00112305768984	2.85078631394154
42	CA001	inv	CA001-6	3	F	control	2	NA	NA	NA	DEAD	29	NA		NA	NA	NA	NA	NA	NA	NA	NA	NA	NA	0	24	49.0149388888889	-122.882097222222	-5.303394839265	-6.00112305768984	2.85078631394154
43	CA009	inv	CA009-3	19	P	drought	70	35	NA	50	H	NA	Yes		61	60	40		NA	0.15	1	NA	NA	3.68887945411394	1	599	49.2961027777778	-118.473830555556	1.07394233354872	-0.47457802063257	1.45837533960762
44	CA009	inv	CA009-7	16	S	drought	72	35	NA	50	H	NA	No		117	NA	38		NA	0.165	0	NA	NA	3.63758615972639	1	599	49.2961027777778	-118.473830555556	1.07394233354872	-0.47457802063257	1.45837533960762
45	CA009	inv	RO002-6	19	H	drought	72	50	57	39	H	NA	No		117	NA	76		NA	0.18	0	NA	NA	4.33073334028633	1	599	49.2961027777778	-118.473830555556	1.07394233354872	-0.47457802063257	1.45837533960762
46	CA009	inv	EDGE-1	2	I	control	72	39	74	42	H	NA	No		117	NA	112	montSLA-1-6.jpg	16.515	0.036	0	458.75	6.12850539936878	4.71849887129509	1	599	49.2961027777778	-118.473830555556	1.07394233354872	-0.47457802063257	1.45837533960762
47	CA009	inv	CA009-6	6	K	control	27	NA	NA	42	H	NA	Yes		42	42	22	montSLA-1-10.jpg	18.101	0.229	1	79.0436681222707	4.37000046079231	3.09104245335832	1	599	49.2961027777778	-118.473830555556	1.07394233354872	-0.47457802063257	1.45837533960762
48	CA009	inv	TR003-1	12	Q	drought	27	NA	NA	NA	DEAD	29	NA		NA	NA	NA	NA	NA	NA	NA	NA	NA	NA	0	599	49.2961027777778	-118.473830555556	1.07394233354872	-0.47457802063257	1.45837533960762
49	CA009	inv	CA009-1	8	I	control	30	50	NA	50	H	NA	Yes		61	61	26	montSLA-1-12-4.jpg	15.276	0.112	1	136.392857142857	4.91553937705031	3.25809653802148	1	599	49.2961027777778	-118.473830555556	1.07394233354872	-0.47457802063257	1.45837533960762
50	CA009	inv	EDGE-83	3	N	control	72	50	NA	64	H	NA	No		117	NA	42	montSLA-1-6-9.jpg	6.033	0.039	0	154.692307692308	5.04143803231111	3.73766961828337	1	599	49.2961027777778	-118.473830555556	1.07394233354872	-0.47457802063257	1.45837533960762
51	CA009	inv	TR003-6	10	T	control	72	39	NA	71	H	NA	No		117	NA	204	montSLA-1-13-5.jpg	24.971	0.21	0	118.909523809524	4.77836289981212	5.31811999384422	1	599	49.2961027777778	-118.473830555556	1.07394233354872	-0.47457802063257	1.45837533960762
52	CA009	inv	TR003-8	15	S	drought	70	50	64	50	H	NA	No		117	NA	76		NA	0.267	0	NA	NA	4.33073334028633	1	599	49.2961027777778	-118.473830555556	1.07394233354872	-0.47457802063257	1.45837533960762
53	CA009	inv	CA009-5	17	P	control	27	35	NA	NA	H	NA	Yes	REPOUSSE	46	46	24		NA	0.334	1	NA	NA	3.17805383034795	1	599	49.2961027777778	-118.473830555556	1.07394233354872	-0.47457802063257	1.45837533960762
54	CA009	inv	CA009-4	9	I	control	70	50	NA	50	H	NA	No		117	NA	158	montSLA-1-13-13.jpg	14.771	0.137	0	107.817518248175	4.68044015221247	5.06259503302697	1	599	49.2961027777778	-118.473830555556	1.07394233354872	-0.47457802063257	1.45837533960762
55	CA009	inv	RO002-5	17	S	control	10	NA	NA	NA	DEAD	29	NA		NA	NA	NA	NA	NA	NA	NA	NA	NA	NA	0	599	49.2961027777778	-118.473830555556	1.07394233354872	-0.47457802063257	1.45837533960762
56	CA009	inv	TR003-3	10	R	control	30	39	NA	50	H	NA	No		117	NA	120	montSLA-1-13-5.jpg	13.979	0.103	0	135.718446601942	4.91058249424149	4.78749174278205	1	599	49.2961027777778	-118.473830555556	1.07394233354872	-0.47457802063257	1.45837533960762
57	CA009	inv	US015-6	8	F	control	27	50	NA	50	H	NA	No		117	NA	148	montSLA-1-12-15.jpg	20.698	0.169	0	122.473372781065	4.80789364130504	4.99721227376411	1	599	49.2961027777778	-118.473830555556	1.07394233354872	-0.47457802063257	1.45837533960762
58	CA009	inv	TR003-9	13	I	control	70	NA	NA	NA	DEAD	29	NA		NA	NA	NA	NA	NA	NA	NA	NA	NA	NA	0	599	49.2961027777778	-118.473830555556	1.07394233354872	-0.47457802063257	1.45837533960762
59	CA009	inv	EDGE-55	5	C	drought	72	50	NA	50	H	NA	No		117	NA	50	montSLA-1-11-1.jpg	5.836	0.043	0	135.720930232558	4.91060079394911	3.91202300542815	1	599	49.2961027777778	-118.473830555556	1.07394233354872	-0.47457802063257	1.45837533960762
60	CA009	inv	TR003-5	6	U	control	72	53	74	42	H	NA	No		117	NA	168	montSLA-1-11-3.jpg	25.178	0.198	0	127.161616161616	4.84545884563167	5.12396397940326	1	599	49.2961027777778	-118.473830555556	1.07394233354872	-0.47457802063257	1.45837533960762
61	CA009	inv	TR003-2	6	O	control	30	53	NA	53	H	NA	No		117	NA	50	montSLA-1-10.jpg	4.254	0.033	0	128.909090909091	4.8591074342937	3.91202300542815	1	599	49.2961027777778	-118.473830555556	1.07394233354872	-0.47457802063257	1.45837533960762
62	CA009	inv	CA009-9	12	K	drought	10	39	NA	42	H	NA	No		117	NA	80		NA	0.163	0	NA	NA	4.38202663467388	1	599	49.2961027777778	-118.473830555556	1.07394233354872	-0.47457802063257	1.45837533960762
63	CA009	inv	TR003-7	2	M	control	72	35	NA	42	H	NA	Yes		50	50	32	montSLA-1-6-3.jpg	22.64	0.169	1	133.96449704142	4.89757481739405	3.46573590279973	1	599	49.2961027777778	-118.473830555556	1.07394233354872	-0.47457802063257	1.45837533960762
64	CA010	inv	CA008-3	4	E	drought	4	35	71	50	H	NA	No		117	NA	172	montSLA-1-7-4.jpg	35.801	0.29	0	123.451724137931	4.81585018197905	5.14749447681345	1	935	49.3201805555556	-118.370436111111	1.24048990712399	-1.77315822289907	2.25539050638388
65	CA010	inv	US019-7	2	B	control	3	35	NA	53	H	NA	No		117	NA	98	montSLA-1-5.jpg	43.941	0.335	0	131.167164179104	4.87647257216135	4.58496747867057	1	935	49.3201805555556	-118.370436111111	1.24048990712399	-1.77315822289907	2.25539050638388
66	CA010	inv	UA003-1	5	G	drought	1	NA	NA	NA	H	NA	Yes		42	42	8	montSLA-1-11-1.jpg	29.038	0.238	1	122.008403361345	4.80408992237216	2.07944154167984	1	935	49.3201805555556	-118.370436111111	1.24048990712399	-1.77315822289907	2.25539050638388
67	CA010	inv	CA010-9	12	N	drought	3	39	NA	50	H	NA	No		117	NA	142		NA	0.163	0	NA	NA	4.95582705760126	1	935	49.3201805555556	-118.370436111111	1.24048990712399	-1.77315822289907	2.25539050638388
68	CA010	inv	CA010-2	10	G	control	1	50	NA	57	H	NA	No		117	NA	160	montSLA-1-13-3.jpg	22.163	0.178	0	124.511235955056	4.82439596046759	5.07517381523383	1	935	49.3201805555556	-118.370436111111	1.24048990712399	-1.77315822289907	2.25539050638388
69	CA010	inv	US019-3	5	U	drought	2	NA	NA	NA	DEAD	29	NA		NA	NA	NA	NA	NA	NA	NA	NA	NA	NA	0	935	49.3201805555556	-118.370436111111	1.24048990712399	-1.77315822289907	2.25539050638388
70	CA010	inv	CA010-3	4	C	drought	3	35	71	39	H	NA	No		117	NA	74	montSLA-1-7-3.jpg	50.142	0.397	0	126.302267002519	4.8386779785423	4.30406509320417	1	935	49.3201805555556	-118.370436111111	1.24048990712399	-1.77315822289907	2.25539050638388
71	CA010	inv	CA010-6	4	S	control	4	35	74	39	H	NA	No		117	NA	106	montSLA-1-8-5.jpg	37.509	0.271	0	138.409594095941	4.93021736228341	4.66343909411207	1	935	49.3201805555556	-118.370436111111	1.24048990712399	-1.77315822289907	2.25539050638388
72	CA010	inv	CA010-5	9	M	control	2	39	NA	42	H	NA	No		117	NA	92	montSLA-1-13-10.jpg	12.562	0.091	0	138.043956043956	4.92757215649748	4.52178857704904	1	935	49.3201805555556	-118.370436111111	1.24048990712399	-1.77315822289907	2.25539050638388
73	CA010	inv	CA008-7	8	Q	control	4	NA	NA	39	H	NA	Yes		42	42	20	montSLA-1-12.jpg	35.59	0.28	1	127.107142857143	4.84503037533499	2.99573227355399	1	935	49.3201805555556	-118.370436111111	1.24048990712399	-1.77315822289907	2.25539050638388
74	CA010	inv	CA010-7	12	O	drought	4	35	NA	35	H	NA	No		117	NA	76		NA	0.144	0	NA	NA	4.33073334028633	1	935	49.3201805555556	-118.370436111111	1.24048990712399	-1.77315822289907	2.25539050638388
75	CA010	inv	RU001-5	2	E	control	1	57	NA	53	H	NA	Yes		57	57	10	montSLA-1-4.jpg	7.98	0.034	1	234.705882352941	5.45833316582769	2.30258509299405	1	935	49.3201805555556	-118.370436111111	1.24048990712399	-1.77315822289907	2.25539050638388
76	CA010	inv	UA003-2	3	I	control	1	35	NA	35	H	NA	Yes		42	42	8	montSLA-1-7-2.jpg	23.71	0.187	1	126.791443850267	4.84254356220486	2.07944154167984	1	935	49.3201805555556	-118.370436111111	1.24048990712399	-1.77315822289907	2.25539050638388
77	CA010	inv	UA003-3	8	P	control	4	35	NA	50	H	NA	No		117	NA	142	montSLA-1-12-1.jpg	29.859	0.262	0	113.965648854962	4.73589707715308	4.95582705760126	1	935	49.3201805555556	-118.370436111111	1.24048990712399	-1.77315822289907	2.25539050638388
78	CA010	inv	UA003-4	19	O	drought	3	53	NA	81	H	NA	No		117	NA	78		NA	0.041	0	NA	NA	4.35670882668959	1	935	49.3201805555556	-118.370436111111	1.24048990712399	-1.77315822289907	2.25539050638388
79	CA010	inv	US019-1	17	B	control	6	NA	NA	NA	DEAD	29	NA		NA	NA	NA	NA	NA	NA	NA	NA	NA	NA	0	935	49.3201805555556	-118.370436111111	1.24048990712399	-1.77315822289907	2.25539050638388
80	CA010	inv	CA010-1	9	F	control	6	39	74	39	H	NA	No		117	NA	6	montSLA-1-13-14.jpg	19.965	0.168	0	118.839285714286	4.77777204009406	1.79175946922805	1	935	49.3201805555556	-118.370436111111	1.24048990712399	-1.77315822289907	2.25539050638388
81	CA010	inv	US019-2	13	B	control	1	35	NA	42	H	NA	No		117	NA	180		NA	0.053	0	NA	NA	5.19295685089021	1	935	49.3201805555556	-118.370436111111	1.24048990712399	-1.77315822289907	2.25539050638388
82	CA010	inv	UA003-8	8	T	control	4	NA	NA	NA	DEAD	29	NA	ETIQ INVERSEE AVEC 8S	NA	NA	NA	NA	NA	NA	NA	NA	NA	NA	0	935	49.3201805555556	-118.370436111111	1.24048990712399	-1.77315822289907	2.25539050638388
83	CA010	inv	UA003-9	9	J	control	1	NA	NA	46	H	NA	Yes	REPOUSSE	46	46	12.8	montSLA-1-13-11.jpg	24.269	0.199	1	121.954773869347	4.80365027001584	2.54944517092557	1	935	49.3201805555556	-118.370436111111	1.24048990712399	-1.77315822289907	2.25539050638388
84	CA010	inv	US019-4	3	G	control	4	39	NA	50	H	NA	No		117	NA	16	montSLA-1-7-1.jpg	18.906	0.101	0	187.188118811881	5.23211409414407	2.77258872223978	1	935	49.3201805555556	-118.370436111111	1.24048990712399	-1.77315822289907	2.25539050638388
85	CA010	inv	CA008-4	5	R	drought	4	35	NA	50	H	NA	No		117	NA	152	montSLA-1-8-6.jpg	27.949	0.26	0	107.496153846154	4.67745506875235	5.02388052084628	1	935	49.3201805555556	-118.370436111111	1.24048990712399	-1.77315822289907	2.25539050638388
86	CA010	inv	US019-6	8	S	control	4	39	NA	50	H	NA	No	ETIQ INVERSEE AVEC 8T	117	NA	154	montSLA-1-12.jpg	29.497	0.24	0	122.904166666667	4.81140491889939	5.03695260241363	1	935	49.3201805555556	-118.370436111111	1.24048990712399	-1.77315822289907	2.25539050638388
87	CA010	inv	CA008-8	14	D	control	4	50	64	39	H	NA	No		117	NA	100		NA	0.273	0	NA	NA	4.60517018598809	1	935	49.3201805555556	-118.370436111111	1.24048990712399	-1.77315822289907	2.25539050638388
88	CA010	inv	CA010-8	6	B	control	2	53	NA	50	H	NA	Yes	REPOUSSE	57	57	30	montSLA-1-10-2.jpg	24.983	0.199	1	125.542713567839	4.83264604782098	3.40119738166216	1	935	49.3201805555556	-118.370436111111	1.24048990712399	-1.77315822289907	2.25539050638388
89	CA010	inv	US019-9	15	P	drought	1	35	NA	57	H	NA	Yes	REPOUSSE	61	60	26		NA	0.109	1	NA	NA	3.25809653802148	1	935	49.3201805555556	-118.370436111111	1.24048990712399	-1.77315822289907	2.25539050638388
90	CA010	inv	US019-5	8	N	control	5	39	74	53	H	NA	No		117	NA	88	montSLA-1-12-1.jpg	16.025	0.113	0	141.814159292035	4.95451746307653	4.47733681447821	1	935	49.3201805555556	-118.370436111111	1.24048990712399	-1.77315822289907	2.25539050638388
91	CA010	inv	UA003-5	5	J	drought	1	42	71	50	H	NA	No		117	NA	54	montSLA-1-11-1.jpg	26.54	0.227	0	116.916299559471	4.7614582904048	3.98898404656427	1	935	49.3201805555556	-118.370436111111	1.24048990712399	-1.77315822289907	2.25539050638388
92	CA010	inv	UA003-7	5	N	drought	4	35	78	50	H	NA	No		117	NA	138	montSLA-1-8-8.jpg	41.574	0.285	0	145.873684210526	4.98274107058679	4.92725368515721	1	935	49.3201805555556	-118.370436111111	1.24048990712399	-1.77315822289907	2.25539050638388
93	CA010	inv	UA003-6	16	H	drought	1	NA	NA	39	H	NA	Yes		46	46	14		NA	0.132	1	NA	NA	2.63905732961526	1	935	49.3201805555556	-118.370436111111	1.24048990712399	-1.77315822289907	2.25539050638388
94	CA010	inv	CA010-4	6	T	control	6	42	NA	53	H	NA	No		117	NA	NA	montSLA-1-11-3.jpg	28.707	0.234	0	122.679487179487	4.80957515908967	NA	1	935	49.3201805555556	-118.370436111111	1.24048990712399	-1.77315822289907	2.25539050638388
95	CA010	inv	US019-8	17	T	control	3	35	NA	50	H	NA	No		117	NA	92		NA	0.4	0	NA	NA	4.52178857704904	1	935	49.3201805555556	-118.370436111111	1.24048990712399	-1.77315822289907	2.25539050638388
96	CA010	inv	RU001-9	18	L	control	1	53	NA	NA	H	NA	Yes		71	64	22		NA	0.027	1	NA	NA	3.09104245335832	1	935	49.3201805555556	-118.370436111111	1.24048990712399	-1.77315822289907	2.25539050638388
97	GR001	nat	GR001-2	18	N	control	27	50	NA	50	H	NA	Yes	REPOUSSE	50	50	6		NA	0.057	1	NA	NA	1.79175946922805	1	1	40.1566666666667	22.5480555555556	-2.97765652081293	2.99367426218119	-2.4193757554689
98	GR001	nat	GR001-1	9	Q	control	29	57	NA	NA	H	NA	Yes		71	71	4	montSLA-1-13-8.jpg	0.086	NA	1	NA	NA	1.38629436111989	1	1	40.1566666666667	22.5480555555556	-2.97765652081293	2.99367426218119	-2.4193757554689
99	GR001	nat	US026-8	9	N	control	15	NA	NA	NA	H	NA	Yes	REPOUSSE / FLO / arrachée 16/08	42	35	14	montSLA-1-13-10.jpg	28.22	0.29	1	97.3103448275862	4.57790530242629	2.63905732961526	1	1	40.1566666666667	22.5480555555556	-2.97765652081293	2.99367426218119	-2.4193757554689
100	GR001	nat	GR001-5	9	B	control	29	NA	NA	NA	DEAD	29	NA		NA	NA	NA	NA	NA	NA	NA	NA	NA	NA	0	1	40.1566666666667	22.5480555555556	-2.97765652081293	2.99367426218119	-2.4193757554689
101	GR001	nat	GR001-4	16	U	drought	19	NA	NA	NA	H	NA	Yes	REPOUSSE	46	42	5		NA	0.181	1	NA	NA	1.6094379124341	1	1	40.1566666666667	22.5480555555556	-2.97765652081293	2.99367426218119	-2.4193757554689
102	GR001	nat	GR001-7	15	C	drought	2	NA	NA	NA	H	NA	Yes		42	35	6		NA	0.149	1	NA	NA	1.79175946922805	1	1	40.1566666666667	22.5480555555556	-2.97765652081293	2.99367426218119	-2.4193757554689
103	GR001	nat	EDGE-70	9	L	control	15	NA	NA	NA	H	NA	Yes		42	39	4	montSLA-1-13-11.jpg	12.341	0.12	1	102.841666666667	4.63319058867114	1.38629436111989	1	1	40.1566666666667	22.5480555555556	-2.97765652081293	2.99367426218119	-2.4193757554689
104	GR001	nat	US026-9	4	P	control	2	NA	NA	42	H	NA	Yes		42	35	10	montSLA-1-8-4.jpg	26.245	0.22	1	119.295454545455	4.78160322733404	2.30258509299405	1	1	40.1566666666667	22.5480555555556	-2.97765652081293	2.99367426218119	-2.4193757554689
105	GR001	nat	EDGE-34	18	R	control	2	NA	NA	35	H	NA	Yes		42	39	9		NA	0.168	1	NA	NA	2.19722457733622	1	1	40.1566666666667	22.5480555555556	-2.97765652081293	2.99367426218119	-2.4193757554689
106	GR001	nat	US023-5	15	J	drought	2	35	NA	NA	H	NA	Yes		42	35	8		NA	0.102	1	NA	NA	2.07944154167984	1	1	40.1566666666667	22.5480555555556	-2.97765652081293	2.99367426218119	-2.4193757554689
107	GR001	nat	GR001-9	14	E	control	25	NA	NA	NA	H	NA	Yes		42	39	12		NA	0.154	1	NA	NA	2.484906649788	1	1	40.1566666666667	22.5480555555556	-2.97765652081293	2.99367426218119	-2.4193757554689
108	GR001	nat	US026-6	4	F	drought	15	35	NA	NA	H	NA	Yes		42	35	6	montSLA-1-7-4.jpg	22.735	0.191	1	119.031413612565	4.77938743821248	1.79175946922805	1	1	40.1566666666667	22.5480555555556	-2.97765652081293	2.99367426218119	-2.4193757554689
109	GR001	nat	US026-4	10	Q	control	25	NA	NA	NA	DEAD	29	NA		NA	NA	NA	NA	NA	NA	NA	NA	NA	NA	0	1	40.1566666666667	22.5480555555556	-2.97765652081293	2.99367426218119	-2.4193757554689
110	GR001	nat	US026-2	19	R	drought	19	NA	NA	NA	H	NA	Yes		42	42	6.7		NA	0.162	1	NA	NA	1.90210752639692	1	1	40.1566666666667	22.5480555555556	-2.97765652081293	2.99367426218119	-2.4193757554689
111	GR001	nat	GR001-3	2	K	control	2	NA	NA	39	H	NA	Yes		42	35	8.7	montSLA-1-6-1.jpg	22.497	0.197	1	114.197969543147	4.73793351723151	2.16332302566054	1	1	40.1566666666667	22.5480555555556	-2.97765652081293	2.99367426218119	-2.4193757554689
112	GR001	nat	US026-3	13	N	control	19	NA	NA	NA	H	NA	Yes		42	39	11		NA	0.19	1	NA	NA	2.39789527279837	1	1	40.1566666666667	22.5480555555556	-2.97765652081293	2.99367426218119	-2.4193757554689
113	GR001	nat	GR001-8	5	D	drought	15	NA	NA	NA	H	NA	Yes		46	42	5.7	montSLA-1-11.jpg	18.853	0.16	1	117.83125	4.76925351617276	1.7404661748405	1	1	40.1566666666667	22.5480555555556	-2.97765652081293	2.99367426218119	-2.4193757554689
114	GR002	nat	GR002-2	12	M	drought	21	NA	NA	NA	H	NA	Yes		71	64	4		NA	0.004	1	NA	NA	1.38629436111989	1	492	40.6213888888889	23.0786111111111	-2.09707381354459	1.05354835393599	-1.34031027169725
115	GR002	nat	US023-7	5	Q	drought	21	35	NA	NA	H	NA	Yes		42	42	4.2	montSLA-1-8-7.jpg	16.706	0.141	1	118.482269503546	4.77476332493768	1.43508452528932	1	492	40.6213888888889	23.0786111111111	-2.09707381354459	1.05354835393599	-1.34031027169725
116	GR002	nat	GR002-8	17	U	control	27	50	NA	39	H	NA	Yes		53	53	10		NA	0.087	1	NA	NA	2.30258509299405	1	492	40.6213888888889	23.0786111111111	-2.09707381354459	1.05354835393599	-1.34031027169725
117	GR002	nat	US023-2	9	C	control	21	39	57	42	H	NA	No		117	NA	34	montSLA-1-13-14.jpg	11.511	0.103	0	111.757281553398	4.71632939068543	3.52636052461616	1	492	40.6213888888889	23.0786111111111	-2.09707381354459	1.05354835393599	-1.34031027169725
118	GR002	nat	GR002-9	15	O	drought	27	35	NA	35	H	NA	Yes	REPOUSSE	46	46	NA		NA	0.117	1	NA	NA	NA	1	492	40.6213888888889	23.0786111111111	-2.09707381354459	1.05354835393599	-1.34031027169725
119	GR002	nat	GR002-6	2	H	control	21	NA	NA	NA	DEAD	29	NA		NA	NA	NA	NA	NA	NA	NA	NA	NA	NA	0	492	40.6213888888889	23.0786111111111	-2.09707381354459	1.05354835393599	-1.34031027169725
120	GR002	nat	US022-7	10	B	control	11	50	NA	NA	H	NA	Yes		50	50	6.5	montSLA-1-13-1.jpg	5.853	0.055	1	106.418181818182	4.66737644405875	1.87180217690159	1	492	40.6213888888889	23.0786111111111	-2.09707381354459	1.05354835393599	-1.34031027169725
121	GR002	nat	GR002-1	16	O	drought	24	NA	NA	NA	DEAD	18	NA		NA	NA	NA	NA	NA	NA	NA	NA	NA	NA	0	492	40.6213888888889	23.0786111111111	-2.09707381354459	1.05354835393599	-1.34031027169725
122	GR002	nat	US023-8	18	P	control	24	35	NA	35	H	NA	Yes		42	39	9		NA	0.164	1	NA	NA	2.19722457733622	1	492	40.6213888888889	23.0786111111111	-2.09707381354459	1.05354835393599	-1.34031027169725
123	GR002	nat	GR002-4	18	T	control	12	50	NA	42	H	NA	Yes	REPOUSSE	50	50	23		NA	0.204	1	NA	NA	3.13549421592915	1	492	40.6213888888889	23.0786111111111	-2.09707381354459	1.05354835393599	-1.34031027169725
124	GR002	nat	US023-1	10	N	control	15	NA	NA	NA	H	NA	Yes		46	46	6.2	montSLA-1-13-4.jpg	11.604	0.106	1	109.471698113208	4.69566605112923	1.82454929205105	1	492	40.6213888888889	23.0786111111111	-2.09707381354459	1.05354835393599	-1.34031027169725
125	GR002	nat	US023-9	5	L	drought	15	50	71	39	H	NA	No		117	NA	22	montSLA-1-8-10.jpg	15.505	0.146	0	106.198630136986	4.66531120982621	3.09104245335832	1	492	40.6213888888889	23.0786111111111	-2.09707381354459	1.05354835393599	-1.34031027169725
126	GR002	nat	US023-6	8	E	control	24	71	78	NA	H	NA	No		117	NA	NA	NA	NA	NA	0	NA	NA	NA	1	492	40.6213888888889	23.0786111111111	-2.09707381354459	1.05354835393599	-1.34031027169725
127	GR002	nat	GR002-7	3	Q	control	27	NA	NA	NA	H	NA	Yes		46	46	8.5	montSLA-1-6-7.jpg	28.145	0.068	1	413.897058823529	6.02561729272202	2.14006616349627	1	492	40.6213888888889	23.0786111111111	-2.09707381354459	1.05354835393599	-1.34031027169725
128	GR002	nat	US023-4	18	J	control	12	50	64	64	H	NA	No		117	NA	28		NA	0.182	0	NA	NA	3.3322045101752	1	492	40.6213888888889	23.0786111111111	-2.09707381354459	1.05354835393599	-1.34031027169725
129	GR002	nat	US023-3	3	R	control	12	39	78	50	H	NA	No		117	NA	50	montSLA-1-6-7.jpg	9.723	0.246	0	39.5243902439024	3.67691795587729	3.91202300542815	1	492	40.6213888888889	23.0786111111111	-2.09707381354459	1.05354835393599	-1.34031027169725
130	GR002	nat	UA008-5	4	G	drought	21	50	71	NA	H	NA	No		117	NA	10	montSLA-1-8-1.jpg	2.486	0.013	0	191.230769230769	5.25348091460912	2.30258509299405	1	492	40.6213888888889	23.0786111111111	-2.09707381354459	1.05354835393599	-1.34031027169725
131	HU001	nat	HU001-6	9	R	control	1	39	NA	50	H	NA	No		117	NA	264	montSLA-1-13-8.jpg	27.705	0.243	0	114.012345679012	4.7363067379609	5.57594910314632	1	176	47.6419444444444	18.7825	0.674533789088005	-1.65204888131377	-1.2813881012916
132	HU001	nat	HU001-9	9	E	control	2	NA	NA	NA	H	NA	Yes		61	57	NA	montSLA-1-13-14.jpg	1.316	0.012	1	109.666666666667	4.69744546209726	NA	1	176	47.6419444444444	18.7825	0.674533789088005	-1.65204888131377	-1.2813881012916
133	HU001	nat	HU001-4	3	C	control	6	50	74	53	H	NA	No		117	NA	88	montSLA-1-7.jpg	21.534	0.18	0	119.633333333333	4.78443150948545	4.47733681447821	1	176	47.6419444444444	18.7825	0.674533789088005	-1.65204888131377	-1.2813881012916
134	HU001	nat	HU001-5	2	D	control	1	57	NA	NA	H	NA	No		117	NA	52	montSLA-1-4.jpg	7.023	0.032	0	219.46875	5.39120985335929	3.95124371858143	1	176	47.6419444444444	18.7825	0.674533789088005	-1.65204888131377	-1.2813881012916
135	HU001	nat	TR004-3	14	P	control	4	50	NA	35	H	NA	No		117	NA	124		NA	0.185	0	NA	NA	4.82028156560504	1	176	47.6419444444444	18.7825	0.674533789088005	-1.65204888131377	-1.2813881012916
136	HU001	nat	TR004-1	2	Q	control	5	NA	NA	NA	DEAD	29	NA		NA	NA	NA	NA	NA	NA	NA	NA	NA	NA	0	176	47.6419444444444	18.7825	0.674533789088005	-1.65204888131377	-1.2813881012916
137	HU001	nat	TR004-2	19	L	drought	4	50	74	78	H	NA	No		117	NA	132		NA	0.069	0	NA	NA	4.88280192258637	1	176	47.6419444444444	18.7825	0.674533789088005	-1.65204888131377	-1.2813881012916
138	HU001	nat	HU001-3	12	R	drought	5	50	74	50	H	NA	No		117	NA	116		NA	0.065	0	NA	NA	4.75359019110636	1	176	47.6419444444444	18.7825	0.674533789088005	-1.65204888131377	-1.2813881012916
139	HU001	nat	HU001-7	12	G	drought	3	42	NA	50	H	NA	No		117	NA	144	montSLA-1-13-1.jpg	19.995	0.153	0	130.686274509804	4.87279959988848	4.969813299576	1	176	47.6419444444444	18.7825	0.674533789088005	-1.65204888131377	-1.2813881012916
140	HU001	nat	TR004-7	14	M	control	1	35	NA	NA	H	NA	Yes		42	39	20		NA	0.193	1	NA	NA	2.99573227355399	1	176	47.6419444444444	18.7825	0.674533789088005	-1.65204888131377	-1.2813881012916
141	HU001	nat	TR004-5	6	M	control	3	53	NA	71	H	NA	No		117	NA	124	montSLA-1-10.jpg	10.132	0.073	0	138.794520547945	4.93299456997317	4.82028156560504	1	176	47.6419444444444	18.7825	0.674533789088005	-1.65204888131377	-1.2813881012916
142	HU001	nat	RU001-8	13	D	control	4	NA	NA	NA	DEAD	29	NA		NA	NA	NA	NA	NA	NA	NA	NA	NA	NA	0	176	47.6419444444444	18.7825	0.674533789088005	-1.65204888131377	-1.2813881012916
143	HU001	nat	RU001-7	3	M	control	4	71	74	78	H	NA	No		117	NA	36	montSLA-1-6-9.jpg	2.383	0.017	0	140.176470588235	4.94290213304253	3.58351893845611	1	176	47.6419444444444	18.7825	0.674533789088005	-1.65204888131377	-1.2813881012916
144	HU001	nat	HU001-2	14	R	control	4	50	NA	50	H	NA	No		117	NA	82		NA	0.143	0	NA	NA	4.40671924726425	1	176	47.6419444444444	18.7825	0.674533789088005	-1.65204888131377	-1.2813881012916
145	HU001	nat	RU001-4	12	D	drought	1	50	NA	50	H	NA	No		117	NA	NA	montSLA-1-13.jpg	19.43	0.135	0	143.925925925926	4.96929876393306	NA	1	176	47.6419444444444	18.7825	0.674533789088005	-1.65204888131377	-1.2813881012916
146	HU001	nat	TR004-4	5	P	drought	2	35	74	50	H	NA	No		117	NA	210	montSLA-1-8-7.jpg	11.199	0.077	0	145.441558441558	4.97977434572901	5.34710753071747	1	176	47.6419444444444	18.7825	0.674533789088005	-1.65204888131377	-1.2813881012916
147	HU001	nat	HU001-1	10	S	control	3	50	NA	50	H	NA	No		117	NA	64	montSLA-1-13-5.jpg	6.971	0.056	0	124.482142857143	4.82416227475125	4.15888308335967	1	176	47.6419444444444	18.7825	0.674533789088005	-1.65204888131377	-1.2813881012916
148	RO001	nat	UA006-9	18	B	control	14	39	74	42	H	NA	No		117	NA	84		NA	0.225	0	NA	NA	4.43081679884331	1	5	44.1102777777778	28.6369444444444	0.151004698301595	-0.542533537943986	-2.89575598227918
149	RO001	nat	UA007-9	9	S	control	11	50	74	50	H	NA	No		117	NA	126	montSLA-1-13-6.jpg	14.563	0.12	0	121.358333333333	4.79874760170053	4.83628190695148	1	5	44.1102777777778	28.6369444444444	0.151004698301595	-0.542533537943986	-2.89575598227918
150	RO001	nat	RO001-3	17	H	control	29	35	NA	35	H	NA	Yes		46	46	11.8		NA	0.123	1	NA	NA	2.46809953147162	1	5	44.1102777777778	28.6369444444444	0.151004698301595	-0.542533537943986	-2.89575598227918
151	RO001	nat	RO002-8	3	H	control	25	42	NA	42	H	NA	No		117	NA	62	montSLA-1-7-2.jpg	15.113	0.097	0	155.80412371134	5.04859960106674	4.12713438504509	1	5	44.1102777777778	28.6369444444444	0.151004698301595	-0.542533537943986	-2.89575598227918
152	RO001	nat	UA007-6	19	U	drought	29	35	NA	NA	H	NA	Yes		46	46	11.6		NA	0.172	1	NA	NA	2.45100509811232	1	5	44.1102777777778	28.6369444444444	0.151004698301595	-0.542533537943986	-2.89575598227918
153	RO001	nat	US014-9	18	F	control	25	NA	NA	NA	DEAD	29	NA		NA	NA	NA	NA	NA	NA	NA	NA	NA	NA	0	5	44.1102777777778	28.6369444444444	0.151004698301595	-0.542533537943986	-2.89575598227918
154	RO001	nat	US014-6	17	K	control	25	39	71	53	H	NA	No		117	NA	64		NA	0.063	0	NA	NA	4.15888308335967	1	5	44.1102777777778	28.6369444444444	0.151004698301595	-0.542533537943986	-2.89575598227918
155	RO001	nat	RO001-5	3	S	control	10	39	NA	50	H	NA	No		117	NA	176	montSLA-1-6-6.jpg	33.576	0.12	0	279.8	5.63407506223138	5.17048399503815	1	5	44.1102777777778	28.6369444444444	0.151004698301595	-0.542533537943986	-2.89575598227918
156	RO001	nat	RO001-1	16	C	drought	11	50	NA	35	H	NA	No		117	NA	80		NA	0.205	0	NA	NA	4.38202663467388	1	5	44.1102777777778	28.6369444444444	0.151004698301595	-0.542533537943986	-2.89575598227918
157	RO001	nat	RO001-2	19	S	drought	11	35	NA	57	H	NA	No		117	NA	142		NA	0.132	0	NA	NA	4.95582705760126	1	5	44.1102777777778	28.6369444444444	0.151004698301595	-0.542533537943986	-2.89575598227918
158	RO001	nat	EDGE-68	5	I	drought	11	NA	NA	NA	DEAD	29	NA		NA	NA	NA	NA	NA	NA	NA	NA	NA	NA	0	5	44.1102777777778	28.6369444444444	0.151004698301595	-0.542533537943986	-2.89575598227918
159	RO001	nat	RO002-7	15	K	drought	25	50	NA	50	H	NA	No		117	NA	44		NA	0.036	0	NA	NA	3.78418963391826	1	5	44.1102777777778	28.6369444444444	0.151004698301595	-0.542533537943986	-2.89575598227918
160	RO001	nat	US014-3	9	G	control	25	50	NA	42	H	NA	No		117	NA	52	montSLA-1-13-13.jpg	6.634	0.054	0	122.851851851852	4.81097917294272	3.95124371858143	1	5	44.1102777777778	28.6369444444444	0.151004698301595	-0.542533537943986	-2.89575598227918
161	RO001	nat	RO002-1	3	B	control	25	50	NA	50	H	NA	No		117	NA	82	montSLA-1-7.jpg	12.97	0.083	0	156.265060240964	5.05155366951389	4.40671924726425	1	5	44.1102777777778	28.6369444444444	0.151004698301595	-0.542533537943986	-2.89575598227918
162	RO001	nat	RO001-7	17	G	control	14	35	NA	35	H	NA	No		117	NA	136		NA	0.232	0	NA	NA	4.91265488573605	1	5	44.1102777777778	28.6369444444444	0.151004698301595	-0.542533537943986	-2.89575598227918
163	RO001	nat	US014-2	15	Q	drought	25	NA	NA	NA	DEAD	29	NA		NA	NA	NA	NA	NA	NA	NA	NA	NA	NA	0	5	44.1102777777778	28.6369444444444	0.151004698301595	-0.542533537943986	-2.89575598227918
164	RO001	nat	UA007-7	6	H	control	11	50	NA	50	H	NA	Yes	REPOUSSE	50	50	16	montSLA-1-10-2.jpg	26.738	0.213	1	125.530516431925	4.83254888783364	2.77258872223978	1	5	44.1102777777778	28.6369444444444	0.151004698301595	-0.542533537943986	-2.89575598227918
165	RO001	nat	RO001-9	2	J	control	10	39	NA	50	H	NA	No		117	NA	170	montSLA-1-6-1.jpg	34.234	0.261	0	131.164750957854	4.87645417393292	5.13579843705026	1	5	44.1102777777778	28.6369444444444	0.151004698301595	-0.542533537943986	-2.89575598227918
166	RO001	nat	UA006-8	19	Q	drought	27	39	NA	39	H	NA	Yes		46	46	7.5		NA	0.188	1	NA	NA	2.01490302054226	1	5	44.1102777777778	28.6369444444444	0.151004698301595	-0.542533537943986	-2.89575598227918
167	RO001	nat	RO001-4	16	L	drought	27	35	NA	39	H	NA	Yes	REPOUSSE	53	53	NA		NA	0.135	1	NA	NA	NA	1	5	44.1102777777778	28.6369444444444	0.151004698301595	-0.542533537943986	-2.89575598227918
168	RO001	nat	RO001-8	14	B	control	29	NA	NA	NA	H	NA	Yes		42	39	6		NA	0.14	1	NA	NA	1.79175946922805	1	5	44.1102777777778	28.6369444444444	0.151004698301595	-0.542533537943986	-2.89575598227918
169	RO001	nat	RO001-6	17	F	control	27	50	64	35	H	NA	No		117	NA	60		NA	0.186	0	NA	NA	4.0943445622221	1	5	44.1102777777778	28.6369444444444	0.151004698301595	-0.542533537943986	-2.89575598227918
170	RO001	nat	UA006-3	8	K	control	27	50	NA	50	H	NA	Yes	REPOUSSE	61	46	46	montSLA-1-12-3.jpg	19.059	0.164	1	116.213414634146	4.75542828211044	3.8286413964891	1	5	44.1102777777778	28.6369444444444	0.151004698301595	-0.542533537943986	-2.89575598227918
171	RO001	nat	UA006-6	8	O	control	14	50	NA	50	H	NA	Yes		72	71	53	montSLA-1-12-1.jpg	14.123	0.095	1	148.663157894737	5.00168306146852	3.97029191355212	1	5	44.1102777777778	28.6369444444444	0.151004698301595	-0.542533537943986	-2.89575598227918
172	RO001	nat	UA006-4	16	N	drought	10	35	NA	50	H	NA	No		117	NA	132		NA	0.097	0	NA	NA	4.88280192258637	1	5	44.1102777777778	28.6369444444444	0.151004698301595	-0.542533537943986	-2.89575598227918
173	RO005	nat	UA008-1	8	U	control	24	NA	NA	NA	H	NA	Yes		42	42	8	montSLA-1-11-3.jpg	20.814	0.165	1	126.145454545455	4.83743564229722	2.07944154167984	1	81	45.4978611111111	27.9118055555556	1.06021038678741	-0.180633955377578	-1.28681896427484
174	RO005	nat	RO005-2	13	P	control	29	35	64	50	H	NA	No		117	NA	74		NA	0.163	0	NA	NA	4.30406509320417	1	81	45.4978611111111	27.9118055555556	1.06021038678741	-0.180633955377578	-1.28681896427484
175	RO005	nat	RO005-5	17	R	control	18	50	71	53	H	NA	No		117	NA	72		NA	0.143	0	NA	NA	4.27666611901606	1	81	45.4978611111111	27.9118055555556	1.06021038678741	-0.180633955377578	-1.28681896427484
176	RO005	nat	RO005-3	19	D	drought	21	NA	NA	NA	DEAD	29	NA		NA	NA	NA	NA	NA	NA	NA	NA	NA	NA	0	81	45.4978611111111	27.9118055555556	1.06021038678741	-0.180633955377578	-1.28681896427484
177	RO005	nat	UA008-3	12	P	drought	24	50	NA	50	H	NA	No		117	NA	94		NA	0.115	0	NA	NA	4.54329478227	1	81	45.4978611111111	27.9118055555556	1.06021038678741	-0.180633955377578	-1.28681896427484
178	RO005	nat	UA008-2	10	L	control	21	NA	NA	NA	DEAD	29	NA		NA	NA	NA	NA	NA	NA	NA	NA	NA	NA	0	81	45.4978611111111	27.9118055555556	1.06021038678741	-0.180633955377578	-1.28681896427484
179	RO005	nat	RO005-7	4	N	control	20	50	NA	64	H	NA	No		117	NA	86	montSLA-1-8-3.jpg	13.932	0.091	0	153.098901098901	5.03108412496904	4.45434729625351	1	81	45.4978611111111	27.9118055555556	1.06021038678741	-0.180633955377578	-1.28681896427484
180	RO005	nat	RO005-1	18	I	control	18	35	71	42	H	NA	No		117	NA	54		NA	0.189	0	NA	NA	3.98898404656427	1	81	45.4978611111111	27.9118055555556	1.06021038678741	-0.180633955377578	-1.28681896427484
181	RO005	nat	UA008-9	6	Q	control	29	NA	NA	NA	DEAD	29	NA		NA	NA	NA	NA	NA	NA	NA	NA	NA	NA	0	81	45.4978611111111	27.9118055555556	1.06021038678741	-0.180633955377578	-1.28681896427484
182	RO005	nat	UA008-7	15	T	drought	29	35	NA	50	H	NA	No		117	NA	NA		NA	0.13	0	NA	NA	NA	1	81	45.4978611111111	27.9118055555556	1.06021038678741	-0.180633955377578	-1.28681896427484
183	RO005	nat	EDGE-6	9	H	control	30	35	NA	50	H	NA	Yes		53	53	22	montSLA-1-13-13.jpg	19.645	0.182	1	107.93956043956	4.68157144491576	3.09104245335832	1	81	45.4978611111111	27.9118055555556	1.06021038678741	-0.180633955377578	-1.28681896427484
184	RO005	nat	UA008-6	5	E	drought	20	39	NA	53	H	NA	No		117	NA	70	montSLA-1-11.jpg	9.757	0.082	0	118.987804878049	4.7790210078437	4.24849524204936	1	81	45.4978611111111	27.9118055555556	1.06021038678741	-0.180633955377578	-1.28681896427484
185	RU008	nat	RU008-1	15	B	drought	7	35	NA	NA	H	NA	Yes	REPOUSSE	46	42	10.2		NA	0.144	1	NA	NA	2.32238772029023	1	525	44.05	43.06000278	1.20804576678178	-0.165986209351563	0.684206710396286
186	RU008	nat	UA007-5	6	R	control	3	53	NA	39	H	NA	No		117	NA	94	montSLA-1-11-2.jpg	16.296	0.14	0	116.4	4.75703253529734	4.54329478227	1	525	44.05	43.06000278	1.20804576678178	-0.165986209351563	0.684206710396286
187	RU008	nat	RU008-8	6	I	control	2	50	NA	39	H	NA	No		117	NA	146	montSLA-1-10-1.jpg	30.273	0.246	0	123.060975609756	4.81267996920028	4.98360662170834	1	525	44.05	43.06000278	1.20804576678178	-0.165986209351563	0.684206710396286
188	RU008	nat	RU008-4	2	O	control	1	50	NA	39	H	NA	No		117	NA	256	montSLA-1-6-3.jpg	22.552	0.165	0	136.678787878788	4.91763355889337	5.54517744447956	1	525	44.05	43.06000278	1.20804576678178	-0.165986209351563	0.684206710396286
189	RU008	nat	RU008-2	12	H	drought	3	50	NA	50	H	NA	Yes		71	71	54		NA	0.196	1	NA	NA	3.98898404656427	1	525	44.05	43.06000278	1.20804576678178	-0.165986209351563	0.684206710396286
190	RU008	nat	RU008-7	2	S	control	1	39	NA	35	DEAD	61	NA		NA	NA	NA	montSLA-1-6-4.jpg	16.877	0.114	NA	148.043859649123	4.99750857884199	NA	0	525	44.05	43.06000278	1.20804576678178	-0.165986209351563	0.684206710396286
191	RU008	nat	RU008-9	16	P	drought	2	35	NA	NA	H	NA	Yes		61	60	14		NA	0.107	1	NA	NA	2.63905732961526	1	525	44.05	43.06000278	1.20804576678178	-0.165986209351563	0.684206710396286
192	RU008	nat	RU008-6	13	L	control	3	NA	NA	35	H	NA	Yes	REPOUSSE	46	42	24		NA	0.187	1	NA	NA	3.17805383034795	1	525	44.05	43.06000278	1.20804576678178	-0.165986209351563	0.684206710396286
193	RU008	nat	UA008-8	2	L	control	7	NA	NA	NA	DEAD	29	NA		NA	NA	NA	NA	NA	NA	NA	NA	NA	NA	0	525	44.05	43.06000278	1.20804576678178	-0.165986209351563	0.684206710396286
194	RU008	nat	RU008-5	9	P	control	7	35	NA	NA	H	NA	Yes		50	50	20	montSLA-1-13-9.jpg	21.782	0.175	1	124.468571428571	4.82405324571212	2.99573227355399	1	525	44.05	43.06000278	1.20804576678178	-0.165986209351563	0.684206710396286
195	TR001	nat	US020-2	8	J	control	22	NA	NA	42	H	NA	Yes		42	39	8	montSLA-1-12-3.jpg	17.347	0.154	1	112.642857142857	4.72422225734778	2.07944154167984	1	253	41.7511111111111	27.2477777777778	-2.76235803646397	0.197702130263603	-0.622946272811828
196	TR001	nat	US022-3	18	O	control	25	35	NA	NA	H	NA	Yes	REPOUSSE	42	35	7		NA	0.188	1	NA	NA	1.94591014905531	1	253	41.7511111111111	27.2477777777778	-2.76235803646397	0.197702130263603	-0.622946272811828
197	TR001	nat	TR001-6	18	H	control	17	35	NA	NA	H	NA	Yes	REPOUSSE	42	39	14		NA	0.161	1	NA	NA	2.63905732961526	1	253	41.7511111111111	27.2477777777778	-2.76235803646397	0.197702130263603	-0.622946272811828
198	TR001	nat	US022-6	16	F	drought	20	35	64	42	H	NA	Yes		71	71	38		NA	0.127	1	NA	NA	3.63758615972639	1	253	41.7511111111111	27.2477777777778	-2.76235803646397	0.197702130263603	-0.622946272811828
199	TR001	nat	TR001-2	19	I	drought	20	NA	NA	NA	H	NA	Yes		42	39	8		NA	0.16	1	NA	NA	2.07944154167984	1	253	41.7511111111111	27.2477777777778	-2.76235803646397	0.197702130263603	-0.622946272811828
200	TR001	nat	TR001-1	9	D	control	25	NA	NA	NA	DEAD	29	NA		NA	NA	142	NA	NA	NA	NA	NA	NA	4.95582705760126	0	253	41.7511111111111	27.2477777777778	-2.76235803646397	0.197702130263603	-0.622946272811828
201	TR001	nat	US022-9	19	E	drought	17	39	NA	35	H	NA	Yes		42	42	4		NA	0.069	1	NA	NA	1.38629436111989	1	253	41.7511111111111	27.2477777777778	-2.76235803646397	0.197702130263603	-0.622946272811828
202	TR001	nat	TR001-7	5	M	drought	18	35	74	50	H	NA	No		117	NA	46	montSLA-1-8-9.jpg	15.878	0.146	0	108.753424657534	4.68908316057672	3.8286413964891	1	253	41.7511111111111	27.2477777777778	-2.76235803646397	0.197702130263603	-0.622946272811828
203	TR001	nat	TR001-4	13	M	control	18	35	NA	42	H	NA	Yes	REPOUSSE	61	60	44		NA	0.138	1	NA	NA	3.78418963391826	1	253	41.7511111111111	27.2477777777778	-2.76235803646397	0.197702130263603	-0.622946272811828
204	TR001	nat	TR001-5	16	J	drought	22	35	NA	NA	H	NA	Yes	REPOUSSE	42	39	4.5		NA	0.143	1	NA	NA	1.50407739677627	1	253	41.7511111111111	27.2477777777778	-2.76235803646397	0.197702130263603	-0.622946272811828
205	TR001	nat	US022-1	13	O	control	18	NA	NA	NA	H	NA	Yes		42	39	7.2		NA	0.123	1	NA	NA	1.97408102602201	1	253	41.7511111111111	27.2477777777778	-2.76235803646397	0.197702130263603	-0.622946272811828
206	TR001	nat	TR001-3	8	G	control	17	39	NA	NA	H	NA	Yes		42	39	8	montSLA-1-12-4.jpg	15.406	0.139	1	110.834532374101	4.70803838978222	2.07944154167984	1	253	41.7511111111111	27.2477777777778	-2.76235803646397	0.197702130263603	-0.622946272811828
207	TR001	nat	US022-2	17	O	control	20	35	NA	46	H	NA	Yes	REPOUSSE/FLOR/arrachée 16/08, 08/08 FLORAISON DE LA REPOUSSE	46	42	14		NA	0.18	1	NA	NA	2.63905732961526	1	253	41.7511111111111	27.2477777777778	-2.76235803646397	0.197702130263603	-0.622946272811828
208	TR001	nat	US022-5	15	R	drought	17	35	NA	NA	H	NA	Yes		42	39	8		NA	0.186	1	NA	NA	2.07944154167984	1	253	41.7511111111111	27.2477777777778	-2.76235803646397	0.197702130263603	-0.622946272811828
209	TR001	nat	EDGE-27	4	U	control	22	NA	NA	NA	DEAD	29	NA		NA	NA	NA	NA	NA	NA	NA	NA	NA	NA	0	253	41.7511111111111	27.2477777777778	-2.76235803646397	0.197702130263603	-0.622946272811828
210	TR001	nat	TR001-9	10	I	control	22	NA	NA	NA	H	NA	Yes	REPOUSSE	42	42	12	montSLA-1-13-3.jpg	33.363	0.314	1	106.251592356688	4.6658097945787	2.484906649788	1	253	41.7511111111111	27.2477777777778	-2.76235803646397	0.197702130263603	-0.622946272811828
211	TR001	nat	TR001-8	2	G	control	20	39	NA	NA	H	NA	Yes		42	39	1.7	montSLA-1-6.jpg	7.349	0.062	1	118.532258064516	4.77518514348378	0.53062825106217	1	253	41.7511111111111	27.2477777777778	-2.76235803646397	0.197702130263603	-0.622946272811828
212	TR001	nat	EDGE-46	4	R	control	20	50	NA	50	H	NA	Yes		53	50	8	montSLA-1-8-4.jpg	10.968	0.076	1	144.315789473684	4.97200388095582	2.07944154167984	1	253	41.7511111111111	27.2477777777778	-2.76235803646397	0.197702130263603	-0.622946272811828
213	TR001	nat	US022-8	10	E	control	18	NA	NA	NA	H	NA	Yes		42	42	3.9	montSLA-1-13-2.jpg	10.933	0.085	1	128.623529411765	4.85688976094417	1.3609765531356	1	253	41.7511111111111	27.2477777777778	-2.76235803646397	0.197702130263603	-0.622946272811828
214	TR001	nat	US022-4	10	C	control	25	NA	NA	NA	H	NA	Yes		42	35	6	montSLA-1-13-1.jpg	16.357	0.153	1	106.908496732026	4.67197329786609	1.79175946922805	1	253	41.7511111111111	27.2477777777778	-2.76235803646397	0.197702130263603	-0.622946272811828
215	TR001	nat	US020-7	16	K	drought	22	NA	NA	NA	H	NA	Yes		42	39	4		NA	0.131	1	NA	NA	1.38629436111989	1	253	41.7511111111111	27.2477777777778	-2.76235803646397	0.197702130263603	-0.622946272811828
216	US001	inv	US017-8	4	J	control	30	50	NA	50	H	NA	No		117	NA	56	montSLA-1-8-1.jpg	8.868	0.057	0	155.578947368421	5.04715330290165	4.02535169073515	1	342	45.6152333333333	-120.787533333333	-1.77335016362254	3.69195447918512	1.48084495879066
217	US001	inv	US017-7	6	J	control	9	39	NA	42	H	NA	No		117	NA	142	montSLA-1-10-1.jpg	25.786	0.234	0	110.196581196581	4.70226587261308	4.95582705760126	1	342	45.6152333333333	-120.787533333333	-1.77335016362254	3.69195447918512	1.48084495879066
218	US001	inv	RU008-3	14	O	control	4	50	NA	50	H	NA	No		117	NA	22		NA	0.037	0	NA	NA	3.09104245335832	1	342	45.6152333333333	-120.787533333333	-1.77335016362254	3.69195447918512	1.48084495879066
219	US001	inv	US017-6	10	J	control	14	50	NA	50	H	NA	No		117	NA	166	montSLA-1-13-3.jpg	15.465	0.101	0	153.118811881188	5.03121416827791	5.11198778835654	1	342	45.6152333333333	-120.787533333333	-1.77335016362254	3.69195447918512	1.48084495879066
220	US001	inv	US001-3	8	H	control	30	50	74	50	H	NA	No		117	NA	218	montSLA-1-12-4.jpg	36.684	0.342	0	107.263157894737	4.67528523461623	5.38449506278909	1	342	45.6152333333333	-120.787533333333	-1.77335016362254	3.69195447918512	1.48084495879066
221	US001	inv	CA001-1	5	T	drought	14	NA	NA	NA	DEAD	29	NA		NA	NA	NA	NA	NA	NA	NA	NA	NA	NA	0	342	45.6152333333333	-120.787533333333	-1.77335016362254	3.69195447918512	1.48084495879066
222	US001	inv	US001-5	8	B	control	4	NA	NA	NA	H	NA	Yes		42	42	14	montSLA-1-13-16.jpg	14.301	0.107	1	133.654205607477	4.89525590941103	2.63905732961526	1	342	45.6152333333333	-120.787533333333	-1.77335016362254	3.69195447918512	1.48084495879066
223	US001	inv	US017-9	2	F	control	7	39	NA	39	H	NA	No		117	NA	126	montSLA-1-5.jpg	20.084	0.138	0	145.536231884058	4.98042507199739	4.83628190695148	1	342	45.6152333333333	-120.787533333333	-1.77335016362254	3.69195447918512	1.48084495879066
224	US001	inv	US001-2	5	K	drought	30	39	71	50	H	NA	No		117	NA	108	montSLA-1-8-9.jpg	25.9653	0.331	0	78.4450151057402	4.36239793484963	4.68213122712422	1	342	45.6152333333333	-120.787533333333	-1.77335016362254	3.69195447918512	1.48084495879066
225	US001	inv	US017-5	13	J	control	29	39	NA	50	H	NA	No		117	NA	102		NA	0.224	0	NA	NA	4.62497281328427	1	342	45.6152333333333	-120.787533333333	-1.77335016362254	3.69195447918512	1.48084495879066
226	US001	inv	US017-1	12	I	drought	30	50	NA	42	H	NA	No		117	NA	198		NA	0.2	0	NA	NA	5.28826703069454	1	342	45.6152333333333	-120.787533333333	-1.77335016362254	3.69195447918512	1.48084495879066
227	US001	inv	US001-4	6	C	control	29	39	74	42	H	NA	No		117	NA	170	montSLA-1-11.jpg	25.977	0.201	0	129.238805970149	4.86166190205684	5.13579843705026	1	342	45.6152333333333	-120.787533333333	-1.77335016362254	3.69195447918512	1.48084495879066
228	US001	inv	US001-6	14	J	control	29	50	64	42	H	NA	No		117	NA	74		NA	0.24	0	NA	NA	4.30406509320417	1	342	45.6152333333333	-120.787533333333	-1.77335016362254	3.69195447918512	1.48084495879066
229	US001	inv	US001-7	15	F	drought	7	NA	NA	NA	H	NA	Yes		42	39	10		NA	0.216	1	NA	NA	2.30258509299405	1	342	45.6152333333333	-120.787533333333	-1.77335016362254	3.69195447918512	1.48084495879066
230	US001	inv	US001-1	9	O	control	9	50	NA	42	H	NA	No		117	NA	166	montSLA-1-13-10.jpg	11.139	0.124	0	89.8306451612903	4.49792617724015	5.11198778835654	1	342	45.6152333333333	-120.787533333333	-1.77335016362254	3.69195447918512	1.48084495879066
231	US001	inv	US017-3	14	I	control	9	35	NA	35	H	NA	No		117	NA	126		NA	0.218	0	NA	NA	4.83628190695148	1	342	45.6152333333333	-120.787533333333	-1.77335016362254	3.69195447918512	1.48084495879066
232	US001	inv	US017-2	19	G	drought	7	35	NA	50	H	NA	No		117	NA	100		NA	0.163	0	NA	NA	4.60517018598809	1	342	45.6152333333333	-120.787533333333	-1.77335016362254	3.69195447918512	1.48084495879066
233	US001	inv	US017-4	5	S	drought	4	35	NA	50	H	NA	No		117	NA	61	montSLA-1-8-6.jpg	11.421	0.082	0	139.280487804878	4.93648979778635	4.11087386417331	1	342	45.6152333333333	-120.787533333333	-1.77335016362254	3.69195447918512	1.48084495879066
234	US001	inv	US001-9	4	B	drought	7	50	NA	50	H	NA	No		117	NA	22	montSLA-1-7.jpg	4.431	0.028	0	158.25	5.06417606102429	3.09104245335832	1	342	45.6152333333333	-120.787533333333	-1.77335016362254	3.69195447918512	1.48084495879066
235	US001	inv	US018-1	2	R	control	14	NA	NA	NA	DEAD	29	NA		NA	NA	NA	NA	NA	NA	NA	NA	NA	NA	0	342	45.6152333333333	-120.787533333333	-1.77335016362254	3.69195447918512	1.48084495879066
236	US002	inv	US013-4	15	L	drought	9	35	NA	50	H	NA	Yes	REPOUSSE	53	53	27		NA	0.154	1	NA	NA	3.29583686600433	1	208	46.1822666666667	-118.82615	-1.24092563574133	4.05315001289485	-0.0156756427510285
237	US002	inv	US002-8	3	O	control	3	39	NA	35	H	NA	No		117	NA	94	montSLA-1-6-8.jpg	6.525	0.11	0	59.3181818181818	4.08291586639848	4.54329478227	1	208	46.1822666666667	-118.82615	-1.24092563574133	4.05315001289485	-0.0156756427510285
238	US002	inv	US002-7	2	N	control	9	64	74	NA	H	NA	No		117	NA	16	montSLA-1-6-3.jpg	1.07	0.006	0	178.333333333333	5.1836544582279	2.77258872223978	1	208	46.1822666666667	-118.82615	-1.24092563574133	4.05315001289485	-0.0156756427510285
239	US002	inv	US013-8	13	F	control	9	71	NA	85	H	NA	No		117	NA	74		NA	0.008	0	NA	NA	4.30406509320417	1	208	46.1822666666667	-118.82615	-1.24092563574133	4.05315001289485	-0.0156756427510285
240	US002	inv	US002-9	16	M	drought	5	NA	NA	NA	DEAD	29	NA		NA	NA	NA	NA	NA	NA	NA	NA	NA	NA	0	208	46.1822666666667	-118.82615	-1.24092563574133	4.05315001289485	-0.0156756427510285
241	US002	inv	US013-5	9	K	control	9	50	NA	50	H	NA	No		117	NA	74	montSLA-1-13-11.jpg	13.268	0.111	0	119.531531531532	4.78358019875461	4.30406509320417	1	208	46.1822666666667	-118.82615	-1.24092563574133	4.05315001289485	-0.0156756427510285
242	US002	inv	US013-7	4	T	control	9	35	NA	42	H	NA	No		117	NA	166	montSLA-1-8-5.jpg	21.448	0.171	0	125.426900584795	4.83172312341314	5.11198778835654	1	208	46.1822666666667	-118.82615	-1.24092563574133	4.05315001289485	-0.0156756427510285
243	US002	inv	US002-1	19	N	drought	15	35	NA	53	H	NA	No		117	NA	44		NA	0.231	0	NA	NA	3.78418963391826	1	208	46.1822666666667	-118.82615	-1.24092563574133	4.05315001289485	-0.0156756427510285
244	US002	inv	US002-2	8	M	control	10	50	NA	53	H	NA	Yes		60	57	32	montSLA-1-12-3.jpg	24.695	0.244	1	101.209016393443	4.61718784768152	3.46573590279973	1	208	46.1822666666667	-118.82615	-1.24092563574133	4.05315001289485	-0.0156756427510285
245	US002	inv	US002-3	3	L	control	9	39	74	53	H	NA	No		117	NA	92	montSLA-1-6-9.jpg	21.606	0.138	0	156.565217391304	5.05347264771973	4.52178857704904	1	208	46.1822666666667	-118.82615	-1.24092563574133	4.05315001289485	-0.0156756427510285
246	US002	inv	US002-6	10	O	control	10	50	NA	50	H	NA	Yes		50	50	14	montSLA-1-13-4.jpg	19.464	0.036	1	540.666666666667	6.29280294600725	2.63905732961526	1	208	46.1822666666667	-118.82615	-1.24092563574133	4.05315001289485	-0.0156756427510285
247	US002	inv	US012-8	18	Q	control	10	50	NA	42	H	NA	No		117	NA	124		NA	0.266	0	NA	NA	4.82028156560504	1	208	46.1822666666667	-118.82615	-1.24092563574133	4.05315001289485	-0.0156756427510285
248	US002	inv	US012-9	10	M	control	15	NA	NA	NA	DEAD	29	NA		NA	NA	NA	NA	NA	NA	NA	NA	NA	NA	0	208	46.1822666666667	-118.82615	-1.24092563574133	4.05315001289485	-0.0156756427510285
249	US002	inv	US013-3	15	U	drought	5	50	NA	64	H	NA	No		117	NA	104		NA	0.041	0	NA	NA	4.64439089914137	1	208	46.1822666666667	-118.82615	-1.24092563574133	4.05315001289485	-0.0156756427510285
250	US003	inv	US003-7	8	L	control	7	NA	NA	NA	DEAD	29	NA		NA	NA	NA	NA	NA	NA	NA	NA	NA	NA	0	682	46.60415	-116.64175	-1.17299301227087	-0.139546320459528	1.92598234863148
251	US003	inv	CORY2-8	3	T	control	25	50	NA	39	H	NA	Yes		50	50	24	montSLA-1-6-6.jpg	12.312	0.088	1	139.909090909091	4.94099286104051	3.17805383034795	1	682	46.60415	-116.64175	-1.17299301227087	-0.139546320459528	1.92598234863148
252	US003	inv	US012-1	10	F	control	20	50	NA	57	H	NA	No		117	NA	124	montSLA-1-13-2.jpg	11.718	0.078	0	150.230769230769	5.01217257341514	4.82028156560504	1	682	46.60415	-116.64175	-1.17299301227087	-0.139546320459528	1.92598234863148
253	US003	inv	US003-8	8	R	control	20	50	NA	50	H	NA	No		117	NA	96	montSLA-1-12.jpg	20.83	0.157	0	132.675159235669	4.88790372890671	4.56434819146784	1	682	46.60415	-116.64175	-1.17299301227087	-0.139546320459528	1.92598234863148
254	US003	inv	CORY2-9	19	B	drought	7	35	NA	35	H	NA	No		117	NA	70		NA	0.078	0	NA	NA	4.24849524204936	1	682	46.60415	-116.64175	-1.17299301227087	-0.139546320459528	1.92598234863148
255	US003	inv	US003-6	8	D	control	7	39	NA	NA	H	NA	Yes		42	39	17	montSLA-1-12-15.jpg	24.193	0.182	1	132.928571428571	4.88981192702699	2.83321334405622	1	682	46.60415	-116.64175	-1.17299301227087	-0.139546320459528	1.92598234863148
256	US003	inv	US012-5	5	B	drought	27	53	NA	50	H	NA	No		117	NA	34	montSLA-1-10-2.jpg	2.992	0.019	0	157.473684210526	5.05925835992793	3.52636052461616	1	682	46.60415	-116.64175	-1.17299301227087	-0.139546320459528	1.92598234863148
257	US003	inv	US003-9	5	H	drought	7	NA	NA	NA	DEAD	29	NA		NA	NA	NA	NA	NA	NA	NA	NA	NA	NA	0	682	46.60415	-116.64175	-1.17299301227087	-0.139546320459528	1.92598234863148
258	US003	inv	US003-1	12	S	drought	27	39	NA	NA	H	NA	Yes		46	42	10.4		NA	0.099	1	NA	NA	2.34180580614733	1	682	46.60415	-116.64175	-1.17299301227087	-0.139546320459528	1.92598234863148
259	US003	inv	CORY2-1	9	T	control	7	NA	NA	NA	DEAD	29	NA		NA	NA	NA	NA	NA	NA	NA	NA	NA	NA	0	682	46.60415	-116.64175	-1.17299301227087	-0.139546320459528	1.92598234863148
260	US003	inv	CORY2-6	18	M	control	20	53	NA	53	H	NA	No		117	NA	110		NA	0.022	0	NA	NA	4.70048036579242	1	682	46.60415	-116.64175	-1.17299301227087	-0.139546320459528	1.92598234863148
261	US003	inv	US003-5	17	J	control	20	NA	NA	35	H	NA	Yes		42	42	20		NA	0.122	1	NA	NA	2.99573227355399	1	682	46.60415	-116.64175	-1.17299301227087	-0.139546320459528	1.92598234863148
262	US003	inv	US012-2	12	F	drought	20	NA	NA	NA	DEAD	29	NA		NA	NA	NA	NA	NA	NA	NA	NA	NA	NA	0	682	46.60415	-116.64175	-1.17299301227087	-0.139546320459528	1.92598234863148
263	US003	inv	US003-4	16	R	drought	25	35	NA	50	H	NA	Yes	REPOUSSE	53	53	26		NA	0.189	1	NA	NA	3.25809653802148	1	682	46.60415	-116.64175	-1.17299301227087	-0.139546320459528	1.92598234863148
